"detid","time","flow","lat","lon","geom"
K302Z1B,2016-09-19 02:00:00.000 +0200,0.0,52.4221729,10.7993433,POINT (10.7993433 52.4221729)
K302Z1B,2016-09-19 02:03:00.000 +0200,40.0,52.4221729,10.7993433,POINT (10.7993433 52.4221729)
K302Z1B,2016-09-19 02:06:00.000 +0200,20.0,52.4221729,10.7993433,POINT (10.7993433 52.4221729)
K302Z1B,2016-09-19 02:09:00.000 +0200,0.0,52.4221729,10.7993433,POINT (10.7993433 52.4221729)
K302Z1B,2016-09-19 02:12:00.000 +0200,0.0,52.4221729,10.7993433,POINT (10.7993433 52.4221729)
K302Z1B,2016-09-19 02:15:00.000 +0200,40.0,52.4221729,10.7993433,POINT (10.7993433 52.4221729)
K302Z1B,2016-09-19 02:18:00.000 +0200,40.0,52.4221729,10.7993433,POINT (10.7993433 52.4221729)
K302Z1B,2016-09-19 02:21:00.000 +0200,0.0,52.4221729,10.7993433,POINT (10.7993433 52.4221729)
K302Z1B,2016-09-19 02:24:00.000 +0200,40.0,52.4221729,10.7993433,POINT (10.7993433 52.4221729)
K302Z1B,2016-09-19 02:27:00.000 +0200,20.0,52.4221729,10.7993433,POINT (10.7993433 52.4221729)
K302Z1B,2016-09-19 02:30:00.000 +0200,20.0,52.4221729,10.7993433,POINT (10.7993433 52.4221729)
K302Z1B,2016-09-19 02:33:00.000 +0200,0.0,52.4221729,10.7993433,POINT (10.7993433 52.4221729)
K302Z1B,2016-09-19 02:36:00.000 +0200,0.0,52.4221729,10.7993433,POINT (10.7993433 52.4221729)
K302Z1B,2016-09-19 02:39:00.000 +0200,40.0,52.4221729,10.7993433,POINT (10.7993433 52.4221729)
K302Z1B,2016-09-19 02:42:00.000 +0200,0.0,52.4221729,10.7993433,POINT (10.7993433 52.4221729)
K302Z1B,2016-09-19 02:45:00.000 +0200,20.0,52.4221729,10.7993433,POINT (10.7993433 52.4221729)
K302Z1B,2016-09-19 02:48:00.000 +0200,20.0,52.4221729,10.7993433,POINT (10.7993433 52.4221729)
K302Z1B,2016-09-19 02:51:00.000 +0200,0.0,52.4221729,10.7993433,POINT (10.7993433 52.4221729)
K302Z1B,2016-09-19 02:54:00.000 +0200,20.0,52.4221729,10.7993433,POINT (10.7993433 52.4221729)
K302Z1B,2016-09-19 02:57:00.000 +0200,0.0,52.4221729,10.7993433,POINT (10.7993433 52.4221729)
K302Z1B,2016-09-19 03:00:00.000 +0200,40.0,52.4221729,10.7993433,POINT (10.7993433 52.4221729)
K302Z1B,2016-09-19 03:03:00.000 +0200,40.0,52.4221729,10.7993433,POINT (10.7993433 52.4221729)
K302Z1B,2016-09-19 03:06:00.000 +0200,0.0,52.4221729,10.7993433,POINT (10.7993433 52.4221729)
K302Z1B,2016-09-19 03:09:00.000 +0200,20.0,52.4221729,10.7993433,POINT (10.7993433 52.4221729)
K302Z1B,2016-09-19 03:12:00.000 +0200,0.0,52.4221729,10.7993433,POINT (10.7993433 52.4221729)
K302Z1B,2016-09-19 03:15:00.000 +0200,60.0,52.4221729,10.7993433,POINT (10.7993433 52.4221729)
K302Z1B,2016-09-19 03:18:00.000 +0200,0.0,52.4221729,10.7993433,POINT (10.7993433 52.4221729)
K302Z1B,2016-09-19 03:21:00.000 +0200,0.0,52.4221729,10.7993433,POINT (10.7993433 52.4221729)
K302Z1B,2016-09-19 03:24:00.000 +0200,0.0,52.4221729,10.7993433,POINT (10.7993433 52.4221729)
K302Z1B,2016-09-19 03:27:00.000 +0200,0.0,52.4221729,10.7993433,POINT (10.7993433 52.4221729)
K302Z1B,2016-09-19 03:30:00.000 +0200,20.0,52.4221729,10.7993433,POINT (10.7993433 52.4221729)
K302Z1B,2016-09-19 03:33:00.000 +0200,20.0,52.4221729,10.7993433,POINT (10.7993433 52.4221729)
K302Z1B,2016-09-19 03:36:00.000 +0200,20.0,52.4221729,10.7993433,POINT (10.7993433 52.4221729)
K302Z1B,2016-09-19 03:39:00.000 +0200,40.0,52.4221729,10.7993433,POINT (10.7993433 52.4221729)
K302Z1B,2016-09-19 03:42:00.000 +0200,0.0,52.4221729,10.7993433,POINT (10.7993433 52.4221729)
K302Z1B,2016-09-19 03:45:00.000 +0200,0.0,52.4221729,10.7993433,POINT (10.7993433 52.4221729)
K302Z1B,2016-09-19 03:48:00.000 +0200,0.0,52.4221729,10.7993433,POINT (10.7993433 52.4221729)
K302Z1B,2016-09-19 03:51:00.000 +0200,0.0,52.4221729,10.7993433,POINT (10.7993433 52.4221729)
K302Z1B,2016-09-19 03:54:00.000 +0200,20.0,52.4221729,10.7993433,POINT (10.7993433 52.4221729)
K302Z1B,2016-09-19 03:57:00.000 +0200,20.0,52.4221729,10.7993433,POINT (10.7993433 52.4221729)
K302Z1B,2016-09-19 04:00:00.000 +0200,20.0,52.4221729,10.7993433,POINT (10.7993433 52.4221729)
K302Z1B,2016-09-19 04:03:00.000 +0200,40.0,52.4221729,10.7993433,POINT (10.7993433 52.4221729)
K302Z1B,2016-09-19 04:06:00.000 +0200,0.0,52.4221729,10.7993433,POINT (10.7993433 52.4221729)
K302Z1B,2016-09-19 04:09:00.000 +0200,0.0,52.4221729,10.7993433,POINT (10.7993433 52.4221729)
K302Z1B,2016-09-19 04:12:00.000 +0200,20.0,52.4221729,10.7993433,POINT (10.7993433 52.4221729)
K302Z1B,2016-09-19 04:15:00.000 +0200,0.0,52.4221729,10.7993433,POINT (10.7993433 52.4221729)
K302Z1B,2016-09-19 04:18:00.000 +0200,0.0,52.4221729,10.7993433,POINT (10.7993433 52.4221729)
K302Z1B,2016-09-19 04:21:00.000 +0200,0.0,52.4221729,10.7993433,POINT (10.7993433 52.4221729)
K302Z1B,2016-09-19 04:24:00.000 +0200,20.0,52.4221729,10.7993433,POINT (10.7993433 52.4221729)
K302Z1B,2016-09-19 04:27:00.000 +0200,40.0,52.4221729,10.7993433,POINT (10.7993433 52.4221729)
K302Z1B,2016-09-19 04:30:00.000 +0200,20.0,52.4221729,10.7993433,POINT (10.7993433 52.4221729)
K302Z1B,2016-09-19 04:33:00.000 +0200,20.0,52.4221729,10.7993433,POINT (10.7993433 52.4221729)
K302Z1B,2016-09-19 04:36:00.000 +0200,0.0,52.4221729,10.7993433,POINT (10.7993433 52.4221729)
K302Z1B,2016-09-19 04:39:00.000 +0200,20.0,52.4221729,10.7993433,POINT (10.7993433 52.4221729)
K302Z1B,2016-09-19 04:42:00.000 +0200,0.0,52.4221729,10.7993433,POINT (10.7993433 52.4221729)
K302Z1B,2016-09-19 04:45:00.000 +0200,0.0,52.4221729,10.7993433,POINT (10.7993433 52.4221729)
K302Z1B,2016-09-19 04:48:00.000 +0200,0.0,52.4221729,10.7993433,POINT (10.7993433 52.4221729)
K302Z1B,2016-09-19 04:51:00.000 +0200,0.0,52.4221729,10.7993433,POINT (10.7993433 52.4221729)
K302Z1B,2016-09-19 04:54:00.000 +0200,20.0,52.4221729,10.7993433,POINT (10.7993433 52.4221729)
K302Z1B,2016-09-19 04:57:00.000 +0200,40.0,52.4221729,10.7993433,POINT (10.7993433 52.4221729)
K302Z1B,2016-09-19 05:00:00.000 +0200,0.0,52.4221729,10.7993433,POINT (10.7993433 52.4221729)
K302Z1B,2016-09-19 05:03:00.000 +0200,0.0,52.4221729,10.7993433,POINT (10.7993433 52.4221729)
K302Z1B,2016-09-19 05:06:00.000 +0200,0.0,52.4221729,10.7993433,POINT (10.7993433 52.4221729)
K302Z1B,2016-09-19 05:09:00.000 +0200,0.0,52.4221729,10.7993433,POINT (10.7993433 52.4221729)
K302Z1B,2016-09-19 05:12:00.000 +0200,0.0,52.4221729,10.7993433,POINT (10.7993433 52.4221729)
K302Z1B,2016-09-19 05:15:00.000 +0200,0.0,52.4221729,10.7993433,POINT (10.7993433 52.4221729)
K302Z1B,2016-09-19 05:18:00.000 +0200,0.0,52.4221729,10.7993433,POINT (10.7993433 52.4221729)
K302Z1B,2016-09-19 05:21:00.000 +0200,20.0,52.4221729,10.7993433,POINT (10.7993433 52.4221729)
K302Z1B,2016-09-19 05:24:00.000 +0200,0.0,52.4221729,10.7993433,POINT (10.7993433 52.4221729)
K302Z1B,2016-09-19 05:27:00.000 +0200,20.0,52.4221729,10.7993433,POINT (10.7993433 52.4221729)
K302Z1B,2016-09-19 05:30:00.000 +0200,20.0,52.4221729,10.7993433,POINT (10.7993433 52.4221729)
K302Z1B,2016-09-19 05:33:00.000 +0200,0.0,52.4221729,10.7993433,POINT (10.7993433 52.4221729)
K302Z1B,2016-09-19 05:36:00.000 +0200,0.0,52.4221729,10.7993433,POINT (10.7993433 52.4221729)
K302Z1B,2016-09-19 05:39:00.000 +0200,0.0,52.4221729,10.7993433,POINT (10.7993433 52.4221729)
K302Z1B,2016-09-19 05:42:00.000 +0200,0.0,52.4221729,10.7993433,POINT (10.7993433 52.4221729)
K302Z1B,2016-09-19 05:45:00.000 +0200,0.0,52.4221729,10.7993433,POINT (10.7993433 52.4221729)
K302Z1B,2016-09-19 05:48:00.000 +0200,0.0,52.4221729,10.7993433,POINT (10.7993433 52.4221729)
K302Z1B,2016-09-19 05:51:00.000 +0200,0.0,52.4221729,10.7993433,POINT (10.7993433 52.4221729)
K302Z1B,2016-09-19 05:54:00.000 +0200,0.0,52.4221729,10.7993433,POINT (10.7993433 52.4221729)
K302Z1B,2016-09-19 05:57:00.000 +0200,0.0,52.4221729,10.7993433,POINT (10.7993433 52.4221729)
K302Z1B,2016-09-19 06:00:00.000 +0200,0.0,52.4221729,10.7993433,POINT (10.7993433 52.4221729)
K302Z1B,2016-09-19 06:03:00.000 +0200,20.0,52.4221729,10.7993433,POINT (10.7993433 52.4221729)
K302Z1B,2016-09-19 06:06:00.000 +0200,40.0,52.4221729,10.7993433,POINT (10.7993433 52.4221729)
K302Z1B,2016-09-19 06:09:00.000 +0200,40.0,52.4221729,10.7993433,POINT (10.7993433 52.4221729)
K302Z1B,2016-09-19 06:12:00.000 +0200,0.0,52.4221729,10.7993433,POINT (10.7993433 52.4221729)
K302Z1B,2016-09-19 06:15:00.000 +0200,20.0,52.4221729,10.7993433,POINT (10.7993433 52.4221729)
K302Z1B,2016-09-19 06:18:00.000 +0200,40.0,52.4221729,10.7993433,POINT (10.7993433 52.4221729)
K302Z1B,2016-09-19 06:21:00.000 +0200,0.0,52.4221729,10.7993433,POINT (10.7993433 52.4221729)
K302Z1B,2016-09-19 06:24:00.000 +0200,60.0,52.4221729,10.7993433,POINT (10.7993433 52.4221729)
K302Z1B,2016-09-19 06:27:00.000 +0200,20.0,52.4221729,10.7993433,POINT (10.7993433 52.4221729)
K302Z1B,2016-09-19 06:30:00.000 +0200,40.0,52.4221729,10.7993433,POINT (10.7993433 52.4221729)
K302Z1B,2016-09-19 06:33:00.000 +0200,0.0,52.4221729,10.7993433,POINT (10.7993433 52.4221729)
K302Z1B,2016-09-19 06:36:00.000 +0200,20.0,52.4221729,10.7993433,POINT (10.7993433 52.4221729)
K302Z1B,2016-09-19 06:39:00.000 +0200,20.0,52.4221729,10.7993433,POINT (10.7993433 52.4221729)
K302Z1B,2016-09-19 06:42:00.000 +0200,0.0,52.4221729,10.7993433,POINT (10.7993433 52.4221729)
K302Z1B,2016-09-19 06:45:00.000 +0200,80.0,52.4221729,10.7993433,POINT (10.7993433 52.4221729)
K302Z1B,2016-09-19 06:48:00.000 +0200,0.0,52.4221729,10.7993433,POINT (10.7993433 52.4221729)
K302Z1B,2016-09-19 06:51:00.000 +0200,60.0,52.4221729,10.7993433,POINT (10.7993433 52.4221729)
K302Z1B,2016-09-19 06:54:00.000 +0200,0.0,52.4221729,10.7993433,POINT (10.7993433 52.4221729)
K302Z1B,2016-09-19 06:57:00.000 +0200,0.0,52.4221729,10.7993433,POINT (10.7993433 52.4221729)
K302Z1B,2016-09-19 07:00:00.000 +0200,40.0,52.4221729,10.7993433,POINT (10.7993433 52.4221729)
K302Z1B,2016-09-19 07:03:00.000 +0200,20.0,52.4221729,10.7993433,POINT (10.7993433 52.4221729)
K302Z1B,2016-09-19 07:06:00.000 +0200,60.0,52.4221729,10.7993433,POINT (10.7993433 52.4221729)
K302Z1B,2016-09-19 07:09:00.000 +0200,80.0,52.4221729,10.7993433,POINT (10.7993433 52.4221729)
K302Z1B,2016-09-19 07:12:00.000 +0200,100.0,52.4221729,10.7993433,POINT (10.7993433 52.4221729)
K302Z1B,2016-09-19 07:15:00.000 +0200,180.0,52.4221729,10.7993433,POINT (10.7993433 52.4221729)
K302Z1B,2016-09-19 07:18:00.000 +0200,60.0,52.4221729,10.7993433,POINT (10.7993433 52.4221729)
K302Z1B,2016-09-19 07:21:00.000 +0200,180.0,52.4221729,10.7993433,POINT (10.7993433 52.4221729)
K302Z1B,2016-09-19 07:24:00.000 +0200,200.0,52.4221729,10.7993433,POINT (10.7993433 52.4221729)
K302Z1B,2016-09-19 07:27:00.000 +0200,160.0,52.4221729,10.7993433,POINT (10.7993433 52.4221729)
K302Z1B,2016-09-19 07:30:00.000 +0200,200.0,52.4221729,10.7993433,POINT (10.7993433 52.4221729)
K302Z1B,2016-09-19 07:33:00.000 +0200,260.0,52.4221729,10.7993433,POINT (10.7993433 52.4221729)
K302Z1B,2016-09-19 07:36:00.000 +0200,400.0,52.4221729,10.7993433,POINT (10.7993433 52.4221729)
K302Z1B,2016-09-19 07:39:00.000 +0200,180.0,52.4221729,10.7993433,POINT (10.7993433 52.4221729)
K302Z1B,2016-09-19 07:42:00.000 +0200,200.0,52.4221729,10.7993433,POINT (10.7993433 52.4221729)
K302Z1B,2016-09-19 07:45:00.000 +0200,560.0,52.4221729,10.7993433,POINT (10.7993433 52.4221729)
K302Z1B,2016-09-19 07:48:00.000 +0200,300.0,52.4221729,10.7993433,POINT (10.7993433 52.4221729)
K302Z1B,2016-09-19 07:51:00.000 +0200,300.0,52.4221729,10.7993433,POINT (10.7993433 52.4221729)
K302Z1B,2016-09-19 07:54:00.000 +0200,360.0,52.4221729,10.7993433,POINT (10.7993433 52.4221729)
K302Z1B,2016-09-19 07:57:00.000 +0200,120.0,52.4221729,10.7993433,POINT (10.7993433 52.4221729)
K302Z1B,2016-09-19 08:00:00.000 +0200,400.0,52.4221729,10.7993433,POINT (10.7993433 52.4221729)
K302Z1B,2016-09-19 08:03:00.000 +0200,160.0,52.4221729,10.7993433,POINT (10.7993433 52.4221729)
K302Z1B,2016-09-19 08:06:00.000 +0200,160.0,52.4221729,10.7993433,POINT (10.7993433 52.4221729)
K302Z1B,2016-09-19 08:09:00.000 +0200,280.0,52.4221729,10.7993433,POINT (10.7993433 52.4221729)
K302Z1B,2016-09-19 08:12:00.000 +0200,280.0,52.4221729,10.7993433,POINT (10.7993433 52.4221729)
K302Z1B,2016-09-19 08:15:00.000 +0200,140.0,52.4221729,10.7993433,POINT (10.7993433 52.4221729)
K302Z1B,2016-09-19 08:18:00.000 +0200,280.0,52.4221729,10.7993433,POINT (10.7993433 52.4221729)
K302Z1B,2016-09-19 08:21:00.000 +0200,260.0,52.4221729,10.7993433,POINT (10.7993433 52.4221729)
K302Z1B,2016-09-19 08:24:00.000 +0200,340.0,52.4221729,10.7993433,POINT (10.7993433 52.4221729)
K302Z1B,2016-09-19 08:27:00.000 +0200,380.0,52.4221729,10.7993433,POINT (10.7993433 52.4221729)
K302Z1B,2016-09-19 08:30:00.000 +0200,400.0,52.4221729,10.7993433,POINT (10.7993433 52.4221729)
K302Z1B,2016-09-19 08:33:00.000 +0200,380.0,52.4221729,10.7993433,POINT (10.7993433 52.4221729)
K302Z1B,2016-09-19 08:36:00.000 +0200,460.0,52.4221729,10.7993433,POINT (10.7993433 52.4221729)
K302Z1B,2016-09-19 08:39:00.000 +0200,480.0,52.4221729,10.7993433,POINT (10.7993433 52.4221729)
K302Z1B,2016-09-19 08:42:00.000 +0200,420.0,52.4221729,10.7993433,POINT (10.7993433 52.4221729)
K302Z1B,2016-09-19 08:45:00.000 +0200,740.0,52.4221729,10.7993433,POINT (10.7993433 52.4221729)
K302Z1B,2016-09-19 08:48:00.000 +0200,540.0,52.4221729,10.7993433,POINT (10.7993433 52.4221729)
K302Z1B,2016-09-19 08:51:00.000 +0200,680.0,52.4221729,10.7993433,POINT (10.7993433 52.4221729)
K302Z1B,2016-09-19 08:54:00.000 +0200,600.0,52.4221729,10.7993433,POINT (10.7993433 52.4221729)
K302Z1B,2016-09-19 08:57:00.000 +0200,660.0,52.4221729,10.7993433,POINT (10.7993433 52.4221729)
K302Z1B,2016-09-19 09:00:00.000 +0200,680.0,52.4221729,10.7993433,POINT (10.7993433 52.4221729)
K302Z1B,2016-09-19 09:03:00.000 +0200,500.0,52.4221729,10.7993433,POINT (10.7993433 52.4221729)
K302Z1B,2016-09-19 09:06:00.000 +0200,720.0,52.4221729,10.7993433,POINT (10.7993433 52.4221729)
K302Z1B,2016-09-19 09:09:00.000 +0200,540.0,52.4221729,10.7993433,POINT (10.7993433 52.4221729)
K302Z1B,2016-09-19 09:12:00.000 +0200,660.0,52.4221729,10.7993433,POINT (10.7993433 52.4221729)
K302Z1B,2016-09-19 09:15:00.000 +0200,960.0,52.4221729,10.7993433,POINT (10.7993433 52.4221729)
K302Z1B,2016-09-19 09:18:00.000 +0200,720.0,52.4221729,10.7993433,POINT (10.7993433 52.4221729)
K302Z1B,2016-09-19 09:21:00.000 +0200,840.0,52.4221729,10.7993433,POINT (10.7993433 52.4221729)
K302Z1B,2016-09-19 09:24:00.000 +0200,860.0,52.4221729,10.7993433,POINT (10.7993433 52.4221729)
K302Z1B,2016-09-19 09:27:00.000 +0200,700.0,52.4221729,10.7993433,POINT (10.7993433 52.4221729)
K302Z1B,2016-09-19 09:30:00.000 +0200,800.0,52.4221729,10.7993433,POINT (10.7993433 52.4221729)
K302Z1B,2016-09-19 09:33:00.000 +0200,840.0,52.4221729,10.7993433,POINT (10.7993433 52.4221729)
K302Z1B,2016-09-19 09:36:00.000 +0200,960.0,52.4221729,10.7993433,POINT (10.7993433 52.4221729)
K302Z1B,2016-09-19 09:39:00.000 +0200,900.0,52.4221729,10.7993433,POINT (10.7993433 52.4221729)
K302Z1B,2016-09-19 09:42:00.000 +0200,820.0,52.4221729,10.7993433,POINT (10.7993433 52.4221729)
K302Z1B,2016-09-19 09:45:00.000 +0200,900.0,52.4221729,10.7993433,POINT (10.7993433 52.4221729)
K302Z1B,2016-09-19 09:48:00.000 +0200,900.0,52.4221729,10.7993433,POINT (10.7993433 52.4221729)
K302Z1B,2016-09-19 09:51:00.000 +0200,1060.0,52.4221729,10.7993433,POINT (10.7993433 52.4221729)
K302Z1B,2016-09-19 09:54:00.000 +0200,760.0,52.4221729,10.7993433,POINT (10.7993433 52.4221729)
K302Z1B,2016-09-19 09:57:00.000 +0200,460.0,52.4221729,10.7993433,POINT (10.7993433 52.4221729)
K302Z1B,2016-09-19 10:00:00.000 +0200,860.0,52.4221729,10.7993433,POINT (10.7993433 52.4221729)
K302Z1B,2016-09-19 10:03:00.000 +0200,500.0,52.4221729,10.7993433,POINT (10.7993433 52.4221729)
K302Z1B,2016-09-19 10:06:00.000 +0200,800.0,52.4221729,10.7993433,POINT (10.7993433 52.4221729)
K302Z1B,2016-09-19 10:09:00.000 +0200,480.0,52.4221729,10.7993433,POINT (10.7993433 52.4221729)
K302Z1B,2016-09-19 10:12:00.000 +0200,540.0,52.4221729,10.7993433,POINT (10.7993433 52.4221729)
K302Z1B,2016-09-19 10:15:00.000 +0200,640.0,52.4221729,10.7993433,POINT (10.7993433 52.4221729)
K302Z1B,2016-09-19 10:18:00.000 +0200,680.0,52.4221729,10.7993433,POINT (10.7993433 52.4221729)
K302Z1B,2016-09-19 10:21:00.000 +0200,660.0,52.4221729,10.7993433,POINT (10.7993433 52.4221729)
K302Z1B,2016-09-19 10:24:00.000 +0200,580.0,52.4221729,10.7993433,POINT (10.7993433 52.4221729)
K302Z1B,2016-09-19 10:27:00.000 +0200,600.0,52.4221729,10.7993433,POINT (10.7993433 52.4221729)
K302Z1B,2016-09-19 10:30:00.000 +0200,440.0,52.4221729,10.7993433,POINT (10.7993433 52.4221729)
K302Z1B,2016-09-19 10:33:00.000 +0200,500.0,52.4221729,10.7993433,POINT (10.7993433 52.4221729)
K302Z1B,2016-09-19 10:36:00.000 +0200,420.0,52.4221729,10.7993433,POINT (10.7993433 52.4221729)
K302Z1B,2016-09-19 10:39:00.000 +0200,520.0,52.4221729,10.7993433,POINT (10.7993433 52.4221729)
K302Z1B,2016-09-19 10:42:00.000 +0200,600.0,52.4221729,10.7993433,POINT (10.7993433 52.4221729)
K302Z1B,2016-09-19 10:45:00.000 +0200,480.0,52.4221729,10.7993433,POINT (10.7993433 52.4221729)
K302Z1B,2016-09-19 10:48:00.000 +0200,540.0,52.4221729,10.7993433,POINT (10.7993433 52.4221729)
K302Z1B,2016-09-19 10:51:00.000 +0200,640.0,52.4221729,10.7993433,POINT (10.7993433 52.4221729)
K302Z1B,2016-09-19 10:54:00.000 +0200,580.0,52.4221729,10.7993433,POINT (10.7993433 52.4221729)
K302Z1B,2016-09-19 10:57:00.000 +0200,340.0,52.4221729,10.7993433,POINT (10.7993433 52.4221729)
K302Z1B,2016-09-19 11:00:00.000 +0200,500.0,52.4221729,10.7993433,POINT (10.7993433 52.4221729)
K302Z1B,2016-09-19 11:03:00.000 +0200,420.0,52.4221729,10.7993433,POINT (10.7993433 52.4221729)
K302Z1B,2016-09-19 11:06:00.000 +0200,620.0,52.4221729,10.7993433,POINT (10.7993433 52.4221729)
K302Z1B,2016-09-19 11:09:00.000 +0200,440.0,52.4221729,10.7993433,POINT (10.7993433 52.4221729)
K302Z1B,2016-09-19 11:12:00.000 +0200,520.0,52.4221729,10.7993433,POINT (10.7993433 52.4221729)
K302Z1B,2016-09-19 11:15:00.000 +0200,540.0,52.4221729,10.7993433,POINT (10.7993433 52.4221729)
K302Z1B,2016-09-19 11:18:00.000 +0200,360.0,52.4221729,10.7993433,POINT (10.7993433 52.4221729)
K302Z1B,2016-09-19 11:21:00.000 +0200,660.0,52.4221729,10.7993433,POINT (10.7993433 52.4221729)
K302Z1B,2016-09-19 11:24:00.000 +0200,400.0,52.4221729,10.7993433,POINT (10.7993433 52.4221729)
K302Z1B,2016-09-19 11:27:00.000 +0200,580.0,52.4221729,10.7993433,POINT (10.7993433 52.4221729)
K302Z1B,2016-09-19 11:30:00.000 +0200,340.0,52.4221729,10.7993433,POINT (10.7993433 52.4221729)
K302Z1B,2016-09-19 11:33:00.000 +0200,400.0,52.4221729,10.7993433,POINT (10.7993433 52.4221729)
K302Z1B,2016-09-19 11:36:00.000 +0200,580.0,52.4221729,10.7993433,POINT (10.7993433 52.4221729)
K302Z1B,2016-09-19 11:39:00.000 +0200,520.0,52.4221729,10.7993433,POINT (10.7993433 52.4221729)
K302Z1B,2016-09-19 11:42:00.000 +0200,460.0,52.4221729,10.7993433,POINT (10.7993433 52.4221729)
K302Z1B,2016-09-19 11:45:00.000 +0200,460.0,52.4221729,10.7993433,POINT (10.7993433 52.4221729)
K302Z1B,2016-09-19 11:48:00.000 +0200,560.0,52.4221729,10.7993433,POINT (10.7993433 52.4221729)
K302Z1B,2016-09-19 11:51:00.000 +0200,580.0,52.4221729,10.7993433,POINT (10.7993433 52.4221729)
K302Z1B,2016-09-19 11:54:00.000 +0200,460.0,52.4221729,10.7993433,POINT (10.7993433 52.4221729)
K302Z1B,2016-09-19 11:57:00.000 +0200,500.0,52.4221729,10.7993433,POINT (10.7993433 52.4221729)
K302Z1B,2016-09-19 12:00:00.000 +0200,540.0,52.4221729,10.7993433,POINT (10.7993433 52.4221729)
K302Z1B,2016-09-19 12:03:00.000 +0200,320.0,52.4221729,10.7993433,POINT (10.7993433 52.4221729)
K302Z1B,2016-09-19 12:06:00.000 +0200,380.0,52.4221729,10.7993433,POINT (10.7993433 52.4221729)
K302Z1B,2016-09-19 12:09:00.000 +0200,520.0,52.4221729,10.7993433,POINT (10.7993433 52.4221729)
K302Z1B,2016-09-19 12:12:00.000 +0200,380.0,52.4221729,10.7993433,POINT (10.7993433 52.4221729)
K302Z1B,2016-09-19 12:15:00.000 +0200,460.0,52.4221729,10.7993433,POINT (10.7993433 52.4221729)
K302Z1B,2016-09-19 12:18:00.000 +0200,340.0,52.4221729,10.7993433,POINT (10.7993433 52.4221729)
K302Z1B,2016-09-19 12:21:00.000 +0200,360.0,52.4221729,10.7993433,POINT (10.7993433 52.4221729)
K302Z1B,2016-09-19 12:24:00.000 +0200,460.0,52.4221729,10.7993433,POINT (10.7993433 52.4221729)
K302Z1B,2016-09-19 12:27:00.000 +0200,340.0,52.4221729,10.7993433,POINT (10.7993433 52.4221729)
K302Z1B,2016-09-19 12:30:00.000 +0200,500.0,52.4221729,10.7993433,POINT (10.7993433 52.4221729)
K302Z1B,2016-09-19 12:33:00.000 +0200,600.0,52.4221729,10.7993433,POINT (10.7993433 52.4221729)
K302Z1B,2016-09-19 12:36:00.000 +0200,500.0,52.4221729,10.7993433,POINT (10.7993433 52.4221729)
K302Z1B,2016-09-19 12:39:00.000 +0200,460.0,52.4221729,10.7993433,POINT (10.7993433 52.4221729)
K302Z1B,2016-09-19 12:42:00.000 +0200,480.0,52.4221729,10.7993433,POINT (10.7993433 52.4221729)
K302Z1B,2016-09-19 12:45:00.000 +0200,420.0,52.4221729,10.7993433,POINT (10.7993433 52.4221729)
K302Z1B,2016-09-19 12:48:00.000 +0200,500.0,52.4221729,10.7993433,POINT (10.7993433 52.4221729)
K302Z1B,2016-09-19 12:51:00.000 +0200,500.0,52.4221729,10.7993433,POINT (10.7993433 52.4221729)
K302Z1B,2016-09-19 12:54:00.000 +0200,460.0,52.4221729,10.7993433,POINT (10.7993433 52.4221729)
K302Z1B,2016-09-19 12:57:00.000 +0200,700.0,52.4221729,10.7993433,POINT (10.7993433 52.4221729)
K302Z1B,2016-09-19 13:00:00.000 +0200,520.0,52.4221729,10.7993433,POINT (10.7993433 52.4221729)
K302Z1B,2016-09-19 13:03:00.000 +0200,460.0,52.4221729,10.7993433,POINT (10.7993433 52.4221729)
K302Z1B,2016-09-19 13:06:00.000 +0200,720.0,52.4221729,10.7993433,POINT (10.7993433 52.4221729)
K302Z1B,2016-09-19 13:09:00.000 +0200,480.0,52.4221729,10.7993433,POINT (10.7993433 52.4221729)
K302Z1B,2016-09-19 13:12:00.000 +0200,520.0,52.4221729,10.7993433,POINT (10.7993433 52.4221729)
K302Z1B,2016-09-19 13:15:00.000 +0200,580.0,52.4221729,10.7993433,POINT (10.7993433 52.4221729)
K302Z1B,2016-09-19 13:18:00.000 +0200,660.0,52.4221729,10.7993433,POINT (10.7993433 52.4221729)
K302Z1B,2016-09-19 13:21:00.000 +0200,540.0,52.4221729,10.7993433,POINT (10.7993433 52.4221729)
K302Z1B,2016-09-19 13:24:00.000 +0200,520.0,52.4221729,10.7993433,POINT (10.7993433 52.4221729)
K302Z1B,2016-09-19 13:27:00.000 +0200,360.0,52.4221729,10.7993433,POINT (10.7993433 52.4221729)
K302Z1B,2016-09-19 13:30:00.000 +0200,540.0,52.4221729,10.7993433,POINT (10.7993433 52.4221729)
K302Z1B,2016-09-19 13:33:00.000 +0200,580.0,52.4221729,10.7993433,POINT (10.7993433 52.4221729)
K302Z1B,2016-09-19 13:36:00.000 +0200,500.0,52.4221729,10.7993433,POINT (10.7993433 52.4221729)
K302Z1B,2016-09-19 13:39:00.000 +0200,600.0,52.4221729,10.7993433,POINT (10.7993433 52.4221729)
K302Z1B,2016-09-19 13:42:00.000 +0200,380.0,52.4221729,10.7993433,POINT (10.7993433 52.4221729)
K302Z1B,2016-09-19 13:45:00.000 +0200,460.0,52.4221729,10.7993433,POINT (10.7993433 52.4221729)
K302Z1B,2016-09-19 13:48:00.000 +0200,500.0,52.4221729,10.7993433,POINT (10.7993433 52.4221729)
K302Z1B,2016-09-19 13:51:00.000 +0200,380.0,52.4221729,10.7993433,POINT (10.7993433 52.4221729)
K302Z1B,2016-09-19 13:54:00.000 +0200,480.0,52.4221729,10.7993433,POINT (10.7993433 52.4221729)
K302Z1B,2016-09-19 13:57:00.000 +0200,540.0,52.4221729,10.7993433,POINT (10.7993433 52.4221729)
K302Z1B,2016-09-19 14:00:00.000 +0200,360.0,52.4221729,10.7993433,POINT (10.7993433 52.4221729)
K302Z1B,2016-09-19 14:03:00.000 +0200,560.0,52.4221729,10.7993433,POINT (10.7993433 52.4221729)
K302Z1B,2016-09-19 14:06:00.000 +0200,600.0,52.4221729,10.7993433,POINT (10.7993433 52.4221729)
K302Z1B,2016-09-19 14:09:00.000 +0200,640.0,52.4221729,10.7993433,POINT (10.7993433 52.4221729)
K302Z1B,2016-09-19 14:12:00.000 +0200,480.0,52.4221729,10.7993433,POINT (10.7993433 52.4221729)
K302Z1B,2016-09-19 14:15:00.000 +0200,560.0,52.4221729,10.7993433,POINT (10.7993433 52.4221729)
K302Z1B,2016-09-19 14:18:00.000 +0200,520.0,52.4221729,10.7993433,POINT (10.7993433 52.4221729)
K302Z1B,2016-09-19 14:21:00.000 +0200,440.0,52.4221729,10.7993433,POINT (10.7993433 52.4221729)
K302Z1B,2016-09-19 14:24:00.000 +0200,580.0,52.4221729,10.7993433,POINT (10.7993433 52.4221729)
K302Z1B,2016-09-19 14:27:00.000 +0200,640.0,52.4221729,10.7993433,POINT (10.7993433 52.4221729)
K302Z1B,2016-09-19 14:30:00.000 +0200,540.0,52.4221729,10.7993433,POINT (10.7993433 52.4221729)
K302Z1B,2016-09-19 14:33:00.000 +0200,480.0,52.4221729,10.7993433,POINT (10.7993433 52.4221729)
K302Z1B,2016-09-19 14:36:00.000 +0200,540.0,52.4221729,10.7993433,POINT (10.7993433 52.4221729)
K302Z1B,2016-09-19 14:39:00.000 +0200,540.0,52.4221729,10.7993433,POINT (10.7993433 52.4221729)
K302Z1B,2016-09-19 14:42:00.000 +0200,560.0,52.4221729,10.7993433,POINT (10.7993433 52.4221729)
K302Z1B,2016-09-19 14:45:00.000 +0200,640.0,52.4221729,10.7993433,POINT (10.7993433 52.4221729)
K302Z1B,2016-09-19 14:48:00.000 +0200,460.0,52.4221729,10.7993433,POINT (10.7993433 52.4221729)
K302Z1B,2016-09-19 14:51:00.000 +0200,660.0,52.4221729,10.7993433,POINT (10.7993433 52.4221729)
K302Z1B,2016-09-19 14:54:00.000 +0200,800.0,52.4221729,10.7993433,POINT (10.7993433 52.4221729)
K302Z1B,2016-09-19 14:57:00.000 +0200,600.0,52.4221729,10.7993433,POINT (10.7993433 52.4221729)
K302Z1B,2016-09-19 15:00:00.000 +0200,620.0,52.4221729,10.7993433,POINT (10.7993433 52.4221729)
K302Z1B,2016-09-19 15:03:00.000 +0200,540.0,52.4221729,10.7993433,POINT (10.7993433 52.4221729)
K302Z1B,2016-09-19 15:06:00.000 +0200,680.0,52.4221729,10.7993433,POINT (10.7993433 52.4221729)
K302Z1B,2016-09-19 15:09:00.000 +0200,600.0,52.4221729,10.7993433,POINT (10.7993433 52.4221729)
K302Z1B,2016-09-19 15:12:00.000 +0200,720.0,52.4221729,10.7993433,POINT (10.7993433 52.4221729)
K302Z1B,2016-09-19 15:15:00.000 +0200,580.0,52.4221729,10.7993433,POINT (10.7993433 52.4221729)
K302Z1B,2016-09-19 15:18:00.000 +0200,760.0,52.4221729,10.7993433,POINT (10.7993433 52.4221729)
K302Z1B,2016-09-19 15:21:00.000 +0200,680.0,52.4221729,10.7993433,POINT (10.7993433 52.4221729)
K302Z1B,2016-09-19 15:24:00.000 +0200,680.0,52.4221729,10.7993433,POINT (10.7993433 52.4221729)
K302Z1B,2016-09-19 15:27:00.000 +0200,720.0,52.4221729,10.7993433,POINT (10.7993433 52.4221729)
K302Z1B,2016-09-19 15:30:00.000 +0200,560.0,52.4221729,10.7993433,POINT (10.7993433 52.4221729)
K302Z1B,2016-09-19 15:33:00.000 +0200,660.0,52.4221729,10.7993433,POINT (10.7993433 52.4221729)
K302Z1B,2016-09-19 15:36:00.000 +0200,780.0,52.4221729,10.7993433,POINT (10.7993433 52.4221729)
K302Z1B,2016-09-19 15:39:00.000 +0200,660.0,52.4221729,10.7993433,POINT (10.7993433 52.4221729)
K302Z1B,2016-09-19 15:42:00.000 +0200,620.0,52.4221729,10.7993433,POINT (10.7993433 52.4221729)
K302Z1B,2016-09-19 15:45:00.000 +0200,560.0,52.4221729,10.7993433,POINT (10.7993433 52.4221729)
K302Z1B,2016-09-19 15:48:00.000 +0200,500.0,52.4221729,10.7993433,POINT (10.7993433 52.4221729)
K302Z1B,2016-09-19 15:51:00.000 +0200,880.0,52.4221729,10.7993433,POINT (10.7993433 52.4221729)
K302Z1B,2016-09-19 15:54:00.000 +0200,520.0,52.4221729,10.7993433,POINT (10.7993433 52.4221729)
K302Z1B,2016-09-19 15:57:00.000 +0200,460.0,52.4221729,10.7993433,POINT (10.7993433 52.4221729)
K302Z1B,2016-09-19 16:00:00.000 +0200,800.0,52.4221729,10.7993433,POINT (10.7993433 52.4221729)
K302Z1B,2016-09-19 16:03:00.000 +0200,680.0,52.4221729,10.7993433,POINT (10.7993433 52.4221729)
K302Z1B,2016-09-19 16:06:00.000 +0200,880.0,52.4221729,10.7993433,POINT (10.7993433 52.4221729)
K302Z1B,2016-09-19 16:09:00.000 +0200,1080.0,52.4221729,10.7993433,POINT (10.7993433 52.4221729)
K302Z1B,2016-09-19 16:12:00.000 +0200,1020.0,52.4221729,10.7993433,POINT (10.7993433 52.4221729)
K302Z1B,2016-09-19 16:15:00.000 +0200,1380.0,52.4221729,10.7993433,POINT (10.7993433 52.4221729)
K302Z1B,2016-09-19 16:18:00.000 +0200,1200.0,52.4221729,10.7993433,POINT (10.7993433 52.4221729)
K302Z1B,2016-09-19 16:21:00.000 +0200,1260.0,52.4221729,10.7993433,POINT (10.7993433 52.4221729)
K302Z1B,2016-09-19 16:24:00.000 +0200,1300.0,52.4221729,10.7993433,POINT (10.7993433 52.4221729)
K302Z1B,2016-09-19 16:27:00.000 +0200,1300.0,52.4221729,10.7993433,POINT (10.7993433 52.4221729)
K302Z1B,2016-09-19 16:30:00.000 +0200,920.0,52.4221729,10.7993433,POINT (10.7993433 52.4221729)
K302Z1B,2016-09-19 16:33:00.000 +0200,1420.0,52.4221729,10.7993433,POINT (10.7993433 52.4221729)
K302Z1B,2016-09-19 16:36:00.000 +0200,1500.0,52.4221729,10.7993433,POINT (10.7993433 52.4221729)
K302Z1B,2016-09-19 16:39:00.000 +0200,1140.0,52.4221729,10.7993433,POINT (10.7993433 52.4221729)
K302Z1B,2016-09-19 16:42:00.000 +0200,1300.0,52.4221729,10.7993433,POINT (10.7993433 52.4221729)
K302Z1B,2016-09-19 16:45:00.000 +0200,960.0,52.4221729,10.7993433,POINT (10.7993433 52.4221729)
K302Z1B,2016-09-19 16:48:00.000 +0200,1520.0,52.4221729,10.7993433,POINT (10.7993433 52.4221729)
K302Z1B,2016-09-19 16:51:00.000 +0200,1280.0,52.4221729,10.7993433,POINT (10.7993433 52.4221729)
K302Z1B,2016-09-19 16:54:00.000 +0200,1160.0,52.4221729,10.7993433,POINT (10.7993433 52.4221729)
K302Z1B,2016-09-19 16:57:00.000 +0200,1000.0,52.4221729,10.7993433,POINT (10.7993433 52.4221729)
K302Z1B,2016-09-19 17:00:00.000 +0200,900.0,52.4221729,10.7993433,POINT (10.7993433 52.4221729)
K302Z1B,2016-09-19 17:03:00.000 +0200,1160.0,52.4221729,10.7993433,POINT (10.7993433 52.4221729)
K302Z1B,2016-09-19 17:06:00.000 +0200,1300.0,52.4221729,10.7993433,POINT (10.7993433 52.4221729)
K302Z1B,2016-09-19 17:09:00.000 +0200,1320.0,52.4221729,10.7993433,POINT (10.7993433 52.4221729)
K302Z1B,2016-09-19 17:12:00.000 +0200,960.0,52.4221729,10.7993433,POINT (10.7993433 52.4221729)
K302Z1B,2016-09-19 17:15:00.000 +0200,1140.0,52.4221729,10.7993433,POINT (10.7993433 52.4221729)
K302Z1B,2016-09-19 17:18:00.000 +0200,1440.0,52.4221729,10.7993433,POINT (10.7993433 52.4221729)
K302Z1B,2016-09-19 17:21:00.000 +0200,1500.0,52.4221729,10.7993433,POINT (10.7993433 52.4221729)
K302Z1B,2016-09-19 17:24:00.000 +0200,1260.0,52.4221729,10.7993433,POINT (10.7993433 52.4221729)
K302Z1B,2016-09-19 17:27:00.000 +0200,1160.0,52.4221729,10.7993433,POINT (10.7993433 52.4221729)
K302Z1B,2016-09-19 17:30:00.000 +0200,1120.0,52.4221729,10.7993433,POINT (10.7993433 52.4221729)
K302Z1B,2016-09-19 17:33:00.000 +0200,1560.0,52.4221729,10.7993433,POINT (10.7993433 52.4221729)
K302Z1B,2016-09-19 17:36:00.000 +0200,1320.0,52.4221729,10.7993433,POINT (10.7993433 52.4221729)
K302Z1B,2016-09-19 17:39:00.000 +0200,1280.0,52.4221729,10.7993433,POINT (10.7993433 52.4221729)
K302Z1B,2016-09-19 17:42:00.000 +0200,1180.0,52.4221729,10.7993433,POINT (10.7993433 52.4221729)
K302Z1B,2016-09-19 17:45:00.000 +0200,1240.0,52.4221729,10.7993433,POINT (10.7993433 52.4221729)
K302Z1B,2016-09-19 17:48:00.000 +0200,960.0,52.4221729,10.7993433,POINT (10.7993433 52.4221729)
K302Z1B,2016-09-19 17:51:00.000 +0200,1260.0,52.4221729,10.7993433,POINT (10.7993433 52.4221729)
K302Z1B,2016-09-19 17:54:00.000 +0200,1340.0,52.4221729,10.7993433,POINT (10.7993433 52.4221729)
K302Z1B,2016-09-19 17:57:00.000 +0200,1160.0,52.4221729,10.7993433,POINT (10.7993433 52.4221729)
K302Z1B,2016-09-19 18:00:00.000 +0200,1240.0,52.4221729,10.7993433,POINT (10.7993433 52.4221729)
K302Z1B,2016-09-19 18:03:00.000 +0200,1160.0,52.4221729,10.7993433,POINT (10.7993433 52.4221729)
K302Z1B,2016-09-19 18:06:00.000 +0200,1300.0,52.4221729,10.7993433,POINT (10.7993433 52.4221729)
K302Z1B,2016-09-19 18:09:00.000 +0200,1420.0,52.4221729,10.7993433,POINT (10.7993433 52.4221729)
K302Z1B,2016-09-19 18:12:00.000 +0200,1200.0,52.4221729,10.7993433,POINT (10.7993433 52.4221729)
K302Z1B,2016-09-19 18:15:00.000 +0200,1020.0,52.4221729,10.7993433,POINT (10.7993433 52.4221729)
K302Z1B,2016-09-19 18:18:00.000 +0200,1260.0,52.4221729,10.7993433,POINT (10.7993433 52.4221729)
K302Z1B,2016-09-19 18:21:00.000 +0200,1380.0,52.4221729,10.7993433,POINT (10.7993433 52.4221729)
K302Z1B,2016-09-19 18:24:00.000 +0200,1000.0,52.4221729,10.7993433,POINT (10.7993433 52.4221729)
K302Z1B,2016-09-19 18:27:00.000 +0200,1080.0,52.4221729,10.7993433,POINT (10.7993433 52.4221729)
K302Z1B,2016-09-19 18:30:00.000 +0200,1140.0,52.4221729,10.7993433,POINT (10.7993433 52.4221729)
K302Z1B,2016-09-19 18:33:00.000 +0200,1160.0,52.4221729,10.7993433,POINT (10.7993433 52.4221729)
K302Z1B,2016-09-19 18:36:00.000 +0200,1340.0,52.4221729,10.7993433,POINT (10.7993433 52.4221729)
K302Z1B,2016-09-19 18:39:00.000 +0200,1400.0,52.4221729,10.7993433,POINT (10.7993433 52.4221729)
K302Z1B,2016-09-19 18:42:00.000 +0200,1100.0,52.4221729,10.7993433,POINT (10.7993433 52.4221729)
K302Z1B,2016-09-19 18:45:00.000 +0200,1080.0,52.4221729,10.7993433,POINT (10.7993433 52.4221729)
K302Z1B,2016-09-19 18:48:00.000 +0200,1400.0,52.4221729,10.7993433,POINT (10.7993433 52.4221729)
K302Z1B,2016-09-19 18:51:00.000 +0200,1020.0,52.4221729,10.7993433,POINT (10.7993433 52.4221729)
K302Z1B,2016-09-19 18:54:00.000 +0200,1160.0,52.4221729,10.7993433,POINT (10.7993433 52.4221729)
K302Z1B,2016-09-19 18:57:00.000 +0200,1060.0,52.4221729,10.7993433,POINT (10.7993433 52.4221729)
K302Z1B,2016-09-19 19:00:00.000 +0200,860.0,52.4221729,10.7993433,POINT (10.7993433 52.4221729)
K302Z1B,2016-09-19 19:03:00.000 +0200,1320.0,52.4221729,10.7993433,POINT (10.7993433 52.4221729)
K302Z1B,2016-09-19 19:06:00.000 +0200,1240.0,52.4221729,10.7993433,POINT (10.7993433 52.4221729)
K302Z1B,2016-09-19 19:09:00.000 +0200,1360.0,52.4221729,10.7993433,POINT (10.7993433 52.4221729)
K302Z1B,2016-09-19 19:12:00.000 +0200,1200.0,52.4221729,10.7993433,POINT (10.7993433 52.4221729)
K302Z1B,2016-09-19 19:15:00.000 +0200,1000.0,52.4221729,10.7993433,POINT (10.7993433 52.4221729)
K302Z1B,2016-09-19 19:18:00.000 +0200,1040.0,52.4221729,10.7993433,POINT (10.7993433 52.4221729)
K302Z1B,2016-09-19 19:21:00.000 +0200,860.0,52.4221729,10.7993433,POINT (10.7993433 52.4221729)
K302Z1B,2016-09-19 19:24:00.000 +0200,980.0,52.4221729,10.7993433,POINT (10.7993433 52.4221729)
K302Z1B,2016-09-19 19:27:00.000 +0200,800.0,52.4221729,10.7993433,POINT (10.7993433 52.4221729)
K302Z1B,2016-09-19 19:30:00.000 +0200,1040.0,52.4221729,10.7993433,POINT (10.7993433 52.4221729)
K302Z1B,2016-09-19 19:33:00.000 +0200,980.0,52.4221729,10.7993433,POINT (10.7993433 52.4221729)
K302Z1B,2016-09-19 19:36:00.000 +0200,1220.0,52.4221729,10.7993433,POINT (10.7993433 52.4221729)
K302Z1B,2016-09-19 19:39:00.000 +0200,860.0,52.4221729,10.7993433,POINT (10.7993433 52.4221729)
K302Z1B,2016-09-19 19:42:00.000 +0200,840.0,52.4221729,10.7993433,POINT (10.7993433 52.4221729)
K302Z1B,2016-09-19 19:45:00.000 +0200,960.0,52.4221729,10.7993433,POINT (10.7993433 52.4221729)
K302Z1B,2016-09-19 19:48:00.000 +0200,980.0,52.4221729,10.7993433,POINT (10.7993433 52.4221729)
K302Z1B,2016-09-19 19:51:00.000 +0200,1060.0,52.4221729,10.7993433,POINT (10.7993433 52.4221729)
K302Z1B,2016-09-19 19:54:00.000 +0200,1120.0,52.4221729,10.7993433,POINT (10.7993433 52.4221729)
K302Z1B,2016-09-19 19:57:00.000 +0200,760.0,52.4221729,10.7993433,POINT (10.7993433 52.4221729)
K302Z1B,2016-09-19 20:00:00.000 +0200,560.0,52.4221729,10.7993433,POINT (10.7993433 52.4221729)
K302Z1B,2016-09-19 20:03:00.000 +0200,720.0,52.4221729,10.7993433,POINT (10.7993433 52.4221729)
K302Z1B,2016-09-19 20:06:00.000 +0200,1060.0,52.4221729,10.7993433,POINT (10.7993433 52.4221729)
K302Z1B,2016-09-19 20:09:00.000 +0200,1040.0,52.4221729,10.7993433,POINT (10.7993433 52.4221729)
K302Z1B,2016-09-19 20:12:00.000 +0200,860.0,52.4221729,10.7993433,POINT (10.7993433 52.4221729)
K302Z1B,2016-09-19 20:15:00.000 +0200,640.0,52.4221729,10.7993433,POINT (10.7993433 52.4221729)
K302Z1B,2016-09-19 20:18:00.000 +0200,940.0,52.4221729,10.7993433,POINT (10.7993433 52.4221729)
K302Z1B,2016-09-19 20:21:00.000 +0200,700.0,52.4221729,10.7993433,POINT (10.7993433 52.4221729)
K302Z1B,2016-09-19 20:24:00.000 +0200,660.0,52.4221729,10.7993433,POINT (10.7993433 52.4221729)
K302Z1B,2016-09-19 20:27:00.000 +0200,780.0,52.4221729,10.7993433,POINT (10.7993433 52.4221729)
K302Z1B,2016-09-19 20:30:00.000 +0200,780.0,52.4221729,10.7993433,POINT (10.7993433 52.4221729)
K302Z1B,2016-09-19 20:33:00.000 +0200,540.0,52.4221729,10.7993433,POINT (10.7993433 52.4221729)
K302Z1B,2016-09-19 20:36:00.000 +0200,680.0,52.4221729,10.7993433,POINT (10.7993433 52.4221729)
K302Z1B,2016-09-19 20:39:00.000 +0200,740.0,52.4221729,10.7993433,POINT (10.7993433 52.4221729)
K302Z1B,2016-09-19 20:42:00.000 +0200,640.0,52.4221729,10.7993433,POINT (10.7993433 52.4221729)
K302Z1B,2016-09-19 20:45:00.000 +0200,880.0,52.4221729,10.7993433,POINT (10.7993433 52.4221729)
K302Z1B,2016-09-19 20:48:00.000 +0200,740.0,52.4221729,10.7993433,POINT (10.7993433 52.4221729)
K302Z1B,2016-09-19 20:51:00.000 +0200,660.0,52.4221729,10.7993433,POINT (10.7993433 52.4221729)
K302Z1B,2016-09-19 20:54:00.000 +0200,520.0,52.4221729,10.7993433,POINT (10.7993433 52.4221729)
K302Z1B,2016-09-19 20:57:00.000 +0200,600.0,52.4221729,10.7993433,POINT (10.7993433 52.4221729)
K302Z1B,2016-09-19 21:00:00.000 +0200,420.0,52.4221729,10.7993433,POINT (10.7993433 52.4221729)
K302Z1B,2016-09-19 21:03:00.000 +0200,380.0,52.4221729,10.7993433,POINT (10.7993433 52.4221729)
K302Z1B,2016-09-19 21:06:00.000 +0200,680.0,52.4221729,10.7993433,POINT (10.7993433 52.4221729)
K302Z1B,2016-09-19 21:09:00.000 +0200,560.0,52.4221729,10.7993433,POINT (10.7993433 52.4221729)
K302Z1B,2016-09-19 21:12:00.000 +0200,460.0,52.4221729,10.7993433,POINT (10.7993433 52.4221729)
K302Z1B,2016-09-19 21:15:00.000 +0200,440.0,52.4221729,10.7993433,POINT (10.7993433 52.4221729)
K302Z1B,2016-09-19 21:18:00.000 +0200,420.0,52.4221729,10.7993433,POINT (10.7993433 52.4221729)
K302Z1B,2016-09-19 21:21:00.000 +0200,460.0,52.4221729,10.7993433,POINT (10.7993433 52.4221729)
K302Z1B,2016-09-19 21:24:00.000 +0200,300.0,52.4221729,10.7993433,POINT (10.7993433 52.4221729)
K302Z1B,2016-09-19 21:27:00.000 +0200,400.0,52.4221729,10.7993433,POINT (10.7993433 52.4221729)
K302Z1B,2016-09-19 21:30:00.000 +0200,420.0,52.4221729,10.7993433,POINT (10.7993433 52.4221729)
K302Z1B,2016-09-19 21:33:00.000 +0200,400.0,52.4221729,10.7993433,POINT (10.7993433 52.4221729)
K302Z1B,2016-09-19 21:36:00.000 +0200,420.0,52.4221729,10.7993433,POINT (10.7993433 52.4221729)
K302Z1B,2016-09-19 21:39:00.000 +0200,400.0,52.4221729,10.7993433,POINT (10.7993433 52.4221729)
K302Z1B,2016-09-19 21:42:00.000 +0200,500.0,52.4221729,10.7993433,POINT (10.7993433 52.4221729)
K302Z1B,2016-09-19 21:45:00.000 +0200,400.0,52.4221729,10.7993433,POINT (10.7993433 52.4221729)
K302Z1B,2016-09-19 21:48:00.000 +0200,460.0,52.4221729,10.7993433,POINT (10.7993433 52.4221729)
K302Z1B,2016-09-19 21:51:00.000 +0200,360.0,52.4221729,10.7993433,POINT (10.7993433 52.4221729)
K302Z1B,2016-09-19 21:54:00.000 +0200,460.0,52.4221729,10.7993433,POINT (10.7993433 52.4221729)
K302Z1B,2016-09-19 21:57:00.000 +0200,460.0,52.4221729,10.7993433,POINT (10.7993433 52.4221729)
K302Z1B,2016-09-19 22:00:00.000 +0200,360.0,52.4221729,10.7993433,POINT (10.7993433 52.4221729)
K302Z1B,2016-09-19 22:03:00.000 +0200,300.0,52.4221729,10.7993433,POINT (10.7993433 52.4221729)
K302Z1B,2016-09-19 22:06:00.000 +0200,340.0,52.4221729,10.7993433,POINT (10.7993433 52.4221729)
K302Z1B,2016-09-19 22:09:00.000 +0200,420.0,52.4221729,10.7993433,POINT (10.7993433 52.4221729)
K302Z1B,2016-09-19 22:12:00.000 +0200,360.0,52.4221729,10.7993433,POINT (10.7993433 52.4221729)
K302Z1B,2016-09-19 22:15:00.000 +0200,440.0,52.4221729,10.7993433,POINT (10.7993433 52.4221729)
K302Z1B,2016-09-19 22:18:00.000 +0200,380.0,52.4221729,10.7993433,POINT (10.7993433 52.4221729)
K302Z1B,2016-09-19 22:21:00.000 +0200,340.0,52.4221729,10.7993433,POINT (10.7993433 52.4221729)
K302Z1B,2016-09-19 22:24:00.000 +0200,260.0,52.4221729,10.7993433,POINT (10.7993433 52.4221729)
K302Z1B,2016-09-19 22:27:00.000 +0200,340.0,52.4221729,10.7993433,POINT (10.7993433 52.4221729)
K302Z1B,2016-09-19 22:30:00.000 +0200,180.0,52.4221729,10.7993433,POINT (10.7993433 52.4221729)
K302Z1B,2016-09-19 22:33:00.000 +0200,260.0,52.4221729,10.7993433,POINT (10.7993433 52.4221729)
K302Z1B,2016-09-19 22:36:00.000 +0200,220.0,52.4221729,10.7993433,POINT (10.7993433 52.4221729)
K302Z1B,2016-09-19 22:39:00.000 +0200,360.0,52.4221729,10.7993433,POINT (10.7993433 52.4221729)
K302Z1B,2016-09-19 22:42:00.000 +0200,200.0,52.4221729,10.7993433,POINT (10.7993433 52.4221729)
K302Z1B,2016-09-19 22:45:00.000 +0200,280.0,52.4221729,10.7993433,POINT (10.7993433 52.4221729)
K302Z1B,2016-09-19 22:48:00.000 +0200,240.0,52.4221729,10.7993433,POINT (10.7993433 52.4221729)
K302Z1B,2016-09-19 22:51:00.000 +0200,240.0,52.4221729,10.7993433,POINT (10.7993433 52.4221729)
K302Z1B,2016-09-19 22:54:00.000 +0200,160.0,52.4221729,10.7993433,POINT (10.7993433 52.4221729)
K302Z1B,2016-09-19 22:57:00.000 +0200,280.0,52.4221729,10.7993433,POINT (10.7993433 52.4221729)
K302Z1B,2016-09-19 23:00:00.000 +0200,200.0,52.4221729,10.7993433,POINT (10.7993433 52.4221729)
K302Z1B,2016-09-19 23:03:00.000 +0200,240.0,52.4221729,10.7993433,POINT (10.7993433 52.4221729)
K302Z1B,2016-09-19 23:06:00.000 +0200,160.0,52.4221729,10.7993433,POINT (10.7993433 52.4221729)
K302Z1B,2016-09-19 23:09:00.000 +0200,120.0,52.4221729,10.7993433,POINT (10.7993433 52.4221729)
K302Z1B,2016-09-19 23:12:00.000 +0200,160.0,52.4221729,10.7993433,POINT (10.7993433 52.4221729)
K302Z1B,2016-09-19 23:15:00.000 +0200,280.0,52.4221729,10.7993433,POINT (10.7993433 52.4221729)
K302Z1B,2016-09-19 23:18:00.000 +0200,320.0,52.4221729,10.7993433,POINT (10.7993433 52.4221729)
K302Z1B,2016-09-19 23:21:00.000 +0200,300.0,52.4221729,10.7993433,POINT (10.7993433 52.4221729)
K302Z1B,2016-09-19 23:24:00.000 +0200,140.0,52.4221729,10.7993433,POINT (10.7993433 52.4221729)
K302Z1B,2016-09-19 23:27:00.000 +0200,220.0,52.4221729,10.7993433,POINT (10.7993433 52.4221729)
K302Z1B,2016-09-19 23:30:00.000 +0200,140.0,52.4221729,10.7993433,POINT (10.7993433 52.4221729)
K302Z1B,2016-09-19 23:33:00.000 +0200,400.0,52.4221729,10.7993433,POINT (10.7993433 52.4221729)
K302Z1B,2016-09-19 23:36:00.000 +0200,340.0,52.4221729,10.7993433,POINT (10.7993433 52.4221729)
K302Z1B,2016-09-19 23:39:00.000 +0200,80.0,52.4221729,10.7993433,POINT (10.7993433 52.4221729)
K302Z1B,2016-09-19 23:42:00.000 +0200,180.0,52.4221729,10.7993433,POINT (10.7993433 52.4221729)
K302Z1B,2016-09-19 23:45:00.000 +0200,160.0,52.4221729,10.7993433,POINT (10.7993433 52.4221729)
K302Z1B,2016-09-19 23:48:00.000 +0200,140.0,52.4221729,10.7993433,POINT (10.7993433 52.4221729)
K302Z1B,2016-09-19 23:51:00.000 +0200,80.0,52.4221729,10.7993433,POINT (10.7993433 52.4221729)
K302Z1B,2016-09-19 23:54:00.000 +0200,140.0,52.4221729,10.7993433,POINT (10.7993433 52.4221729)
K302Z1B,2016-09-19 23:57:00.000 +0200,260.0,52.4221729,10.7993433,POINT (10.7993433 52.4221729)
K302Z1B,2016-09-20 00:00:00.000 +0200,140.0,52.4221729,10.7993433,POINT (10.7993433 52.4221729)
K302Z1B,2016-09-20 00:03:00.000 +0200,240.0,52.4221729,10.7993433,POINT (10.7993433 52.4221729)
K302Z1B,2016-09-20 00:06:00.000 +0200,380.0,52.4221729,10.7993433,POINT (10.7993433 52.4221729)
K302Z1B,2016-09-20 00:09:00.000 +0200,780.0,52.4221729,10.7993433,POINT (10.7993433 52.4221729)
K302Z1B,2016-09-20 00:12:00.000 +0200,620.0,52.4221729,10.7993433,POINT (10.7993433 52.4221729)
K302Z1B,2016-09-20 00:15:00.000 +0200,980.0,52.4221729,10.7993433,POINT (10.7993433 52.4221729)
K302Z1B,2016-09-20 00:18:00.000 +0200,1100.0,52.4221729,10.7993433,POINT (10.7993433 52.4221729)
K302Z1B,2016-09-20 00:21:00.000 +0200,920.0,52.4221729,10.7993433,POINT (10.7993433 52.4221729)
K302Z1B,2016-09-20 00:24:00.000 +0200,1140.0,52.4221729,10.7993433,POINT (10.7993433 52.4221729)
K302Z1B,2016-09-20 00:27:00.000 +0200,800.0,52.4221729,10.7993433,POINT (10.7993433 52.4221729)
K302Z1B,2016-09-20 00:30:00.000 +0200,540.0,52.4221729,10.7993433,POINT (10.7993433 52.4221729)
K302Z1B,2016-09-20 00:33:00.000 +0200,800.0,52.4221729,10.7993433,POINT (10.7993433 52.4221729)
K302Z1B,2016-09-20 00:36:00.000 +0200,600.0,52.4221729,10.7993433,POINT (10.7993433 52.4221729)
K302Z1B,2016-09-20 00:39:00.000 +0200,560.0,52.4221729,10.7993433,POINT (10.7993433 52.4221729)
K302Z1B,2016-09-20 00:42:00.000 +0200,540.0,52.4221729,10.7993433,POINT (10.7993433 52.4221729)
K302Z1B,2016-09-20 00:45:00.000 +0200,520.0,52.4221729,10.7993433,POINT (10.7993433 52.4221729)
K302Z1B,2016-09-20 00:48:00.000 +0200,600.0,52.4221729,10.7993433,POINT (10.7993433 52.4221729)
K302Z1B,2016-09-20 00:51:00.000 +0200,280.0,52.4221729,10.7993433,POINT (10.7993433 52.4221729)
K302Z1B,2016-09-20 00:54:00.000 +0200,180.0,52.4221729,10.7993433,POINT (10.7993433 52.4221729)
K302Z1B,2016-09-20 00:57:00.000 +0200,260.0,52.4221729,10.7993433,POINT (10.7993433 52.4221729)
K302Z1B,2016-09-20 01:00:00.000 +0200,200.0,52.4221729,10.7993433,POINT (10.7993433 52.4221729)
K302Z1B,2016-09-20 01:03:00.000 +0200,180.0,52.4221729,10.7993433,POINT (10.7993433 52.4221729)
K302Z1B,2016-09-20 01:06:00.000 +0200,140.0,52.4221729,10.7993433,POINT (10.7993433 52.4221729)
K302Z1B,2016-09-20 01:09:00.000 +0200,120.0,52.4221729,10.7993433,POINT (10.7993433 52.4221729)
K302Z1B,2016-09-20 01:12:00.000 +0200,20.0,52.4221729,10.7993433,POINT (10.7993433 52.4221729)
K302Z1B,2016-09-20 01:15:00.000 +0200,60.0,52.4221729,10.7993433,POINT (10.7993433 52.4221729)
K302Z1B,2016-09-20 01:18:00.000 +0200,80.0,52.4221729,10.7993433,POINT (10.7993433 52.4221729)
K302Z1B,2016-09-20 01:21:00.000 +0200,20.0,52.4221729,10.7993433,POINT (10.7993433 52.4221729)
K302Z1B,2016-09-20 01:24:00.000 +0200,40.0,52.4221729,10.7993433,POINT (10.7993433 52.4221729)
K302Z1B,2016-09-20 01:27:00.000 +0200,80.0,52.4221729,10.7993433,POINT (10.7993433 52.4221729)
K302Z1B,2016-09-20 01:30:00.000 +0200,60.0,52.4221729,10.7993433,POINT (10.7993433 52.4221729)
K302Z1B,2016-09-20 01:33:00.000 +0200,40.0,52.4221729,10.7993433,POINT (10.7993433 52.4221729)
K302Z1B,2016-09-20 01:36:00.000 +0200,0.0,52.4221729,10.7993433,POINT (10.7993433 52.4221729)
K302Z1B,2016-09-20 01:39:00.000 +0200,20.0,52.4221729,10.7993433,POINT (10.7993433 52.4221729)
K302Z1B,2016-09-20 01:42:00.000 +0200,40.0,52.4221729,10.7993433,POINT (10.7993433 52.4221729)
K302Z1B,2016-09-20 01:45:00.000 +0200,20.0,52.4221729,10.7993433,POINT (10.7993433 52.4221729)
K302Z1B,2016-09-20 01:48:00.000 +0200,20.0,52.4221729,10.7993433,POINT (10.7993433 52.4221729)
K302Z1B,2016-09-20 01:51:00.000 +0200,40.0,52.4221729,10.7993433,POINT (10.7993433 52.4221729)
K302Z1B,2016-09-20 01:54:00.000 +0200,60.0,52.4221729,10.7993433,POINT (10.7993433 52.4221729)
K302Z1B,2016-09-20 01:57:00.000 +0200,0.0,52.4221729,10.7993433,POINT (10.7993433 52.4221729)
K302Z1B,2016-09-20 02:00:00.000 +0200,40.0,52.4221729,10.7993433,POINT (10.7993433 52.4221729)
K302Z1B,2016-09-20 02:03:00.000 +0200,40.0,52.4221729,10.7993433,POINT (10.7993433 52.4221729)
K302Z1B,2016-09-20 02:06:00.000 +0200,80.0,52.4221729,10.7993433,POINT (10.7993433 52.4221729)
K302Z1B,2016-09-20 02:09:00.000 +0200,20.0,52.4221729,10.7993433,POINT (10.7993433 52.4221729)
K302Z1B,2016-09-20 02:12:00.000 +0200,60.0,52.4221729,10.7993433,POINT (10.7993433 52.4221729)
K302Z1B,2016-09-20 02:15:00.000 +0200,20.0,52.4221729,10.7993433,POINT (10.7993433 52.4221729)
K302Z1B,2016-09-20 02:18:00.000 +0200,20.0,52.4221729,10.7993433,POINT (10.7993433 52.4221729)
K302Z1B,2016-09-20 02:21:00.000 +0200,20.0,52.4221729,10.7993433,POINT (10.7993433 52.4221729)
K302Z1B,2016-09-20 02:24:00.000 +0200,0.0,52.4221729,10.7993433,POINT (10.7993433 52.4221729)
K302Z1B,2016-09-20 02:27:00.000 +0200,20.0,52.4221729,10.7993433,POINT (10.7993433 52.4221729)
K302Z1B,2016-09-20 02:30:00.000 +0200,20.0,52.4221729,10.7993433,POINT (10.7993433 52.4221729)
K302Z1B,2016-09-20 02:33:00.000 +0200,0.0,52.4221729,10.7993433,POINT (10.7993433 52.4221729)
K302Z1B,2016-09-20 02:36:00.000 +0200,40.0,52.4221729,10.7993433,POINT (10.7993433 52.4221729)
K302Z1B,2016-09-20 02:39:00.000 +0200,60.0,52.4221729,10.7993433,POINT (10.7993433 52.4221729)
K302Z1B,2016-09-20 02:42:00.000 +0200,0.0,52.4221729,10.7993433,POINT (10.7993433 52.4221729)
K302Z1B,2016-09-20 02:45:00.000 +0200,40.0,52.4221729,10.7993433,POINT (10.7993433 52.4221729)
K302Z1B,2016-09-20 02:48:00.000 +0200,20.0,52.4221729,10.7993433,POINT (10.7993433 52.4221729)
K302Z1B,2016-09-20 02:51:00.000 +0200,20.0,52.4221729,10.7993433,POINT (10.7993433 52.4221729)
K302Z1B,2016-09-20 02:54:00.000 +0200,0.0,52.4221729,10.7993433,POINT (10.7993433 52.4221729)
K302Z1B,2016-09-20 02:57:00.000 +0200,20.0,52.4221729,10.7993433,POINT (10.7993433 52.4221729)
K302Z1B,2016-09-20 03:00:00.000 +0200,0.0,52.4221729,10.7993433,POINT (10.7993433 52.4221729)
K302Z1B,2016-09-20 03:03:00.000 +0200,20.0,52.4221729,10.7993433,POINT (10.7993433 52.4221729)
K302Z1B,2016-09-20 03:06:00.000 +0200,60.0,52.4221729,10.7993433,POINT (10.7993433 52.4221729)
K302Z1B,2016-09-20 03:09:00.000 +0200,40.0,52.4221729,10.7993433,POINT (10.7993433 52.4221729)
K302Z1B,2016-09-20 03:12:00.000 +0200,20.0,52.4221729,10.7993433,POINT (10.7993433 52.4221729)
K302Z1B,2016-09-20 03:15:00.000 +0200,40.0,52.4221729,10.7993433,POINT (10.7993433 52.4221729)
K302Z1B,2016-09-20 03:18:00.000 +0200,0.0,52.4221729,10.7993433,POINT (10.7993433 52.4221729)
K302Z1B,2016-09-20 03:21:00.000 +0200,20.0,52.4221729,10.7993433,POINT (10.7993433 52.4221729)
K302Z1B,2016-09-20 03:24:00.000 +0200,20.0,52.4221729,10.7993433,POINT (10.7993433 52.4221729)
K302Z1B,2016-09-20 03:27:00.000 +0200,0.0,52.4221729,10.7993433,POINT (10.7993433 52.4221729)
K302Z1B,2016-09-20 03:30:00.000 +0200,0.0,52.4221729,10.7993433,POINT (10.7993433 52.4221729)
K302Z1B,2016-09-20 03:33:00.000 +0200,0.0,52.4221729,10.7993433,POINT (10.7993433 52.4221729)
K302Z1B,2016-09-20 03:36:00.000 +0200,0.0,52.4221729,10.7993433,POINT (10.7993433 52.4221729)
K302Z1B,2016-09-20 03:39:00.000 +0200,0.0,52.4221729,10.7993433,POINT (10.7993433 52.4221729)
K302Z1B,2016-09-20 03:42:00.000 +0200,0.0,52.4221729,10.7993433,POINT (10.7993433 52.4221729)
K302Z1B,2016-09-20 03:45:00.000 +0200,20.0,52.4221729,10.7993433,POINT (10.7993433 52.4221729)
K302Z1B,2016-09-20 03:48:00.000 +0200,20.0,52.4221729,10.7993433,POINT (10.7993433 52.4221729)
K302Z1B,2016-09-20 03:51:00.000 +0200,0.0,52.4221729,10.7993433,POINT (10.7993433 52.4221729)
K302Z1B,2016-09-20 03:54:00.000 +0200,0.0,52.4221729,10.7993433,POINT (10.7993433 52.4221729)
K302Z1B,2016-09-20 03:57:00.000 +0200,20.0,52.4221729,10.7993433,POINT (10.7993433 52.4221729)
K302Z1B,2016-09-20 04:00:00.000 +0200,20.0,52.4221729,10.7993433,POINT (10.7993433 52.4221729)
K302Z1B,2016-09-20 04:03:00.000 +0200,0.0,52.4221729,10.7993433,POINT (10.7993433 52.4221729)
K302Z1B,2016-09-20 04:06:00.000 +0200,0.0,52.4221729,10.7993433,POINT (10.7993433 52.4221729)
K302Z1B,2016-09-20 04:09:00.000 +0200,0.0,52.4221729,10.7993433,POINT (10.7993433 52.4221729)
K302Z1B,2016-09-20 04:12:00.000 +0200,0.0,52.4221729,10.7993433,POINT (10.7993433 52.4221729)
K302Z1B,2016-09-20 04:15:00.000 +0200,0.0,52.4221729,10.7993433,POINT (10.7993433 52.4221729)
K302Z1B,2016-09-20 04:18:00.000 +0200,20.0,52.4221729,10.7993433,POINT (10.7993433 52.4221729)
K302Z1B,2016-09-20 04:21:00.000 +0200,20.0,52.4221729,10.7993433,POINT (10.7993433 52.4221729)
K302Z1B,2016-09-20 04:24:00.000 +0200,0.0,52.4221729,10.7993433,POINT (10.7993433 52.4221729)
K302Z1B,2016-09-20 04:27:00.000 +0200,0.0,52.4221729,10.7993433,POINT (10.7993433 52.4221729)
K302Z1B,2016-09-20 04:30:00.000 +0200,0.0,52.4221729,10.7993433,POINT (10.7993433 52.4221729)
K302Z1B,2016-09-20 04:33:00.000 +0200,40.0,52.4221729,10.7993433,POINT (10.7993433 52.4221729)
K302Z1B,2016-09-20 04:36:00.000 +0200,0.0,52.4221729,10.7993433,POINT (10.7993433 52.4221729)
K302Z1B,2016-09-20 04:39:00.000 +0200,20.0,52.4221729,10.7993433,POINT (10.7993433 52.4221729)
K302Z1B,2016-09-20 04:42:00.000 +0200,0.0,52.4221729,10.7993433,POINT (10.7993433 52.4221729)
K302Z1B,2016-09-20 04:45:00.000 +0200,0.0,52.4221729,10.7993433,POINT (10.7993433 52.4221729)
K302Z1B,2016-09-20 04:48:00.000 +0200,0.0,52.4221729,10.7993433,POINT (10.7993433 52.4221729)
K302Z1B,2016-09-20 04:51:00.000 +0200,20.0,52.4221729,10.7993433,POINT (10.7993433 52.4221729)
K302Z1B,2016-09-20 04:54:00.000 +0200,0.0,52.4221729,10.7993433,POINT (10.7993433 52.4221729)
K302Z1B,2016-09-20 04:57:00.000 +0200,0.0,52.4221729,10.7993433,POINT (10.7993433 52.4221729)
K302Z1B,2016-09-20 05:00:00.000 +0200,0.0,52.4221729,10.7993433,POINT (10.7993433 52.4221729)
K302Z1B,2016-09-20 05:03:00.000 +0200,0.0,52.4221729,10.7993433,POINT (10.7993433 52.4221729)
K302Z1B,2016-09-20 05:06:00.000 +0200,20.0,52.4221729,10.7993433,POINT (10.7993433 52.4221729)
K302Z1B,2016-09-20 05:09:00.000 +0200,0.0,52.4221729,10.7993433,POINT (10.7993433 52.4221729)
K302Z1B,2016-09-20 05:12:00.000 +0200,0.0,52.4221729,10.7993433,POINT (10.7993433 52.4221729)
K302Z1B,2016-09-20 05:15:00.000 +0200,0.0,52.4221729,10.7993433,POINT (10.7993433 52.4221729)
K302Z1B,2016-09-20 05:18:00.000 +0200,0.0,52.4221729,10.7993433,POINT (10.7993433 52.4221729)
K302Z1B,2016-09-20 05:21:00.000 +0200,0.0,52.4221729,10.7993433,POINT (10.7993433 52.4221729)
K302Z1B,2016-09-20 05:24:00.000 +0200,0.0,52.4221729,10.7993433,POINT (10.7993433 52.4221729)
K302Z1B,2016-09-20 05:27:00.000 +0200,0.0,52.4221729,10.7993433,POINT (10.7993433 52.4221729)
K302Z1B,2016-09-20 05:30:00.000 +0200,0.0,52.4221729,10.7993433,POINT (10.7993433 52.4221729)
K302Z1B,2016-09-20 05:33:00.000 +0200,20.0,52.4221729,10.7993433,POINT (10.7993433 52.4221729)
K302Z1B,2016-09-20 05:36:00.000 +0200,0.0,52.4221729,10.7993433,POINT (10.7993433 52.4221729)
K302Z1B,2016-09-20 05:39:00.000 +0200,20.0,52.4221729,10.7993433,POINT (10.7993433 52.4221729)
K302Z1B,2016-09-20 05:42:00.000 +0200,60.0,52.4221729,10.7993433,POINT (10.7993433 52.4221729)
K302Z1B,2016-09-20 05:45:00.000 +0200,0.0,52.4221729,10.7993433,POINT (10.7993433 52.4221729)
K302Z1B,2016-09-20 05:48:00.000 +0200,0.0,52.4221729,10.7993433,POINT (10.7993433 52.4221729)
K302Z1B,2016-09-20 05:51:00.000 +0200,20.0,52.4221729,10.7993433,POINT (10.7993433 52.4221729)
K302Z1B,2016-09-20 05:54:00.000 +0200,0.0,52.4221729,10.7993433,POINT (10.7993433 52.4221729)
K302Z1B,2016-09-20 05:57:00.000 +0200,0.0,52.4221729,10.7993433,POINT (10.7993433 52.4221729)
K302Z1B,2016-09-20 06:00:00.000 +0200,0.0,52.4221729,10.7993433,POINT (10.7993433 52.4221729)
K302Z1B,2016-09-20 06:03:00.000 +0200,0.0,52.4221729,10.7993433,POINT (10.7993433 52.4221729)
K302Z1B,2016-09-20 06:06:00.000 +0200,0.0,52.4221729,10.7993433,POINT (10.7993433 52.4221729)
K302Z1B,2016-09-20 06:09:00.000 +0200,0.0,52.4221729,10.7993433,POINT (10.7993433 52.4221729)
K302Z1B,2016-09-20 06:12:00.000 +0200,20.0,52.4221729,10.7993433,POINT (10.7993433 52.4221729)
K302Z1B,2016-09-20 06:15:00.000 +0200,40.0,52.4221729,10.7993433,POINT (10.7993433 52.4221729)
K302Z1B,2016-09-20 06:18:00.000 +0200,0.0,52.4221729,10.7993433,POINT (10.7993433 52.4221729)
K302Z1B,2016-09-20 06:21:00.000 +0200,0.0,52.4221729,10.7993433,POINT (10.7993433 52.4221729)
K302Z1B,2016-09-20 06:24:00.000 +0200,40.0,52.4221729,10.7993433,POINT (10.7993433 52.4221729)
K302Z1B,2016-09-20 06:27:00.000 +0200,0.0,52.4221729,10.7993433,POINT (10.7993433 52.4221729)
K302Z1B,2016-09-20 06:30:00.000 +0200,40.0,52.4221729,10.7993433,POINT (10.7993433 52.4221729)
K302Z1B,2016-09-20 06:33:00.000 +0200,20.0,52.4221729,10.7993433,POINT (10.7993433 52.4221729)
K302Z1B,2016-09-20 06:36:00.000 +0200,40.0,52.4221729,10.7993433,POINT (10.7993433 52.4221729)
K302Z1B,2016-09-20 06:39:00.000 +0200,20.0,52.4221729,10.7993433,POINT (10.7993433 52.4221729)
K302Z1B,2016-09-20 06:42:00.000 +0200,0.0,52.4221729,10.7993433,POINT (10.7993433 52.4221729)
K302Z1B,2016-09-20 06:45:00.000 +0200,40.0,52.4221729,10.7993433,POINT (10.7993433 52.4221729)
K302Z1B,2016-09-20 06:48:00.000 +0200,0.0,52.4221729,10.7993433,POINT (10.7993433 52.4221729)
K302Z1B,2016-09-20 06:51:00.000 +0200,40.0,52.4221729,10.7993433,POINT (10.7993433 52.4221729)
K302Z1B,2016-09-20 06:54:00.000 +0200,40.0,52.4221729,10.7993433,POINT (10.7993433 52.4221729)
K302Z1B,2016-09-20 06:57:00.000 +0200,0.0,52.4221729,10.7993433,POINT (10.7993433 52.4221729)
K302Z1B,2016-09-20 07:00:00.000 +0200,20.0,52.4221729,10.7993433,POINT (10.7993433 52.4221729)
K302Z1B,2016-09-20 07:03:00.000 +0200,0.0,52.4221729,10.7993433,POINT (10.7993433 52.4221729)
K302Z1B,2016-09-20 07:06:00.000 +0200,20.0,52.4221729,10.7993433,POINT (10.7993433 52.4221729)
K302Z1B,2016-09-20 07:09:00.000 +0200,40.0,52.4221729,10.7993433,POINT (10.7993433 52.4221729)
K302Z1B,2016-09-20 07:12:00.000 +0200,80.0,52.4221729,10.7993433,POINT (10.7993433 52.4221729)
K302Z1B,2016-09-20 07:15:00.000 +0200,120.0,52.4221729,10.7993433,POINT (10.7993433 52.4221729)
K302Z1B,2016-09-20 07:18:00.000 +0200,120.0,52.4221729,10.7993433,POINT (10.7993433 52.4221729)
K302Z1B,2016-09-20 07:21:00.000 +0200,60.0,52.4221729,10.7993433,POINT (10.7993433 52.4221729)
K302Z1B,2016-09-20 07:24:00.000 +0200,80.0,52.4221729,10.7993433,POINT (10.7993433 52.4221729)
K302Z1B,2016-09-20 07:27:00.000 +0200,60.0,52.4221729,10.7993433,POINT (10.7993433 52.4221729)
K302Z1B,2016-09-20 07:30:00.000 +0200,100.0,52.4221729,10.7993433,POINT (10.7993433 52.4221729)
K302Z1B,2016-09-20 07:33:00.000 +0200,180.0,52.4221729,10.7993433,POINT (10.7993433 52.4221729)
K302Z1B,2016-09-20 07:36:00.000 +0200,120.0,52.4221729,10.7993433,POINT (10.7993433 52.4221729)
K302Z1B,2016-09-20 07:39:00.000 +0200,120.0,52.4221729,10.7993433,POINT (10.7993433 52.4221729)
K302Z1B,2016-09-20 07:42:00.000 +0200,180.0,52.4221729,10.7993433,POINT (10.7993433 52.4221729)
K302Z1B,2016-09-20 07:45:00.000 +0200,480.0,52.4221729,10.7993433,POINT (10.7993433 52.4221729)
K302Z1B,2016-09-20 07:48:00.000 +0200,740.0,52.4221729,10.7993433,POINT (10.7993433 52.4221729)
K302Z1B,2016-09-20 07:51:00.000 +0200,780.0,52.4221729,10.7993433,POINT (10.7993433 52.4221729)
K302Z1B,2016-09-20 07:54:00.000 +0200,700.0,52.4221729,10.7993433,POINT (10.7993433 52.4221729)
K302Z1B,2016-09-20 07:57:00.000 +0200,820.0,52.4221729,10.7993433,POINT (10.7993433 52.4221729)
K302Z1B,2016-09-20 08:00:00.000 +0200,1140.0,52.4221729,10.7993433,POINT (10.7993433 52.4221729)
K302Z1B,2016-09-20 08:03:00.000 +0200,1220.0,52.4221729,10.7993433,POINT (10.7993433 52.4221729)
K302Z1B,2016-09-20 08:06:00.000 +0200,720.0,52.4221729,10.7993433,POINT (10.7993433 52.4221729)
K302Z1B,2016-09-20 08:09:00.000 +0200,440.0,52.4221729,10.7993433,POINT (10.7993433 52.4221729)
K302Z1B,2016-09-20 08:12:00.000 +0200,560.0,52.4221729,10.7993433,POINT (10.7993433 52.4221729)
K302Z1B,2016-09-20 08:15:00.000 +0200,600.0,52.4221729,10.7993433,POINT (10.7993433 52.4221729)
K302Z1B,2016-09-20 08:18:00.000 +0200,660.0,52.4221729,10.7993433,POINT (10.7993433 52.4221729)
K302Z1B,2016-09-20 08:21:00.000 +0200,600.0,52.4221729,10.7993433,POINT (10.7993433 52.4221729)
K302Z1B,2016-09-20 08:24:00.000 +0200,540.0,52.4221729,10.7993433,POINT (10.7993433 52.4221729)
K302Z1B,2016-09-20 08:27:00.000 +0200,280.0,52.4221729,10.7993433,POINT (10.7993433 52.4221729)
K302Z1B,2016-09-20 08:30:00.000 +0200,580.0,52.4221729,10.7993433,POINT (10.7993433 52.4221729)
K302Z1B,2016-09-20 08:33:00.000 +0200,460.0,52.4221729,10.7993433,POINT (10.7993433 52.4221729)
K302Z1B,2016-09-20 08:36:00.000 +0200,580.0,52.4221729,10.7993433,POINT (10.7993433 52.4221729)
K302Z1B,2016-09-20 08:39:00.000 +0200,780.0,52.4221729,10.7993433,POINT (10.7993433 52.4221729)
K302Z1B,2016-09-20 08:42:00.000 +0200,640.0,52.4221729,10.7993433,POINT (10.7993433 52.4221729)
K302Z1B,2016-09-20 08:45:00.000 +0200,1040.0,52.4221729,10.7993433,POINT (10.7993433 52.4221729)
K302Z1B,2016-09-20 08:48:00.000 +0200,740.0,52.4221729,10.7993433,POINT (10.7993433 52.4221729)
K302Z1B,2016-09-20 08:51:00.000 +0200,800.0,52.4221729,10.7993433,POINT (10.7993433 52.4221729)
K302Z1B,2016-09-20 08:54:00.000 +0200,660.0,52.4221729,10.7993433,POINT (10.7993433 52.4221729)
K302Z1B,2016-09-20 08:57:00.000 +0200,540.0,52.4221729,10.7993433,POINT (10.7993433 52.4221729)
K302Z1B,2016-09-20 09:00:00.000 +0200,700.0,52.4221729,10.7993433,POINT (10.7993433 52.4221729)
K302Z1B,2016-09-20 09:03:00.000 +0200,700.0,52.4221729,10.7993433,POINT (10.7993433 52.4221729)
K302Z1B,2016-09-20 09:06:00.000 +0200,820.0,52.4221729,10.7993433,POINT (10.7993433 52.4221729)
K302Z1B,2016-09-20 09:09:00.000 +0200,920.0,52.4221729,10.7993433,POINT (10.7993433 52.4221729)
K302Z1B,2016-09-20 09:12:00.000 +0200,800.0,52.4221729,10.7993433,POINT (10.7993433 52.4221729)
K302Z1B,2016-09-20 09:15:00.000 +0200,780.0,52.4221729,10.7993433,POINT (10.7993433 52.4221729)
K302Z1B,2016-09-20 09:18:00.000 +0200,800.0,52.4221729,10.7993433,POINT (10.7993433 52.4221729)
K302Z1B,2016-09-20 09:21:00.000 +0200,820.0,52.4221729,10.7993433,POINT (10.7993433 52.4221729)
K302Z1B,2016-09-20 09:24:00.000 +0200,700.0,52.4221729,10.7993433,POINT (10.7993433 52.4221729)
K302Z1B,2016-09-20 09:27:00.000 +0200,700.0,52.4221729,10.7993433,POINT (10.7993433 52.4221729)
K302Z1B,2016-09-20 09:30:00.000 +0200,1060.0,52.4221729,10.7993433,POINT (10.7993433 52.4221729)
K302Z1B,2016-09-20 09:33:00.000 +0200,780.0,52.4221729,10.7993433,POINT (10.7993433 52.4221729)
K302Z1B,2016-09-20 09:36:00.000 +0200,940.0,52.4221729,10.7993433,POINT (10.7993433 52.4221729)
K302Z1B,2016-09-20 09:39:00.000 +0200,1000.0,52.4221729,10.7993433,POINT (10.7993433 52.4221729)
K302Z1B,2016-09-20 09:42:00.000 +0200,760.0,52.4221729,10.7993433,POINT (10.7993433 52.4221729)
K302Z1B,2016-09-20 09:45:00.000 +0200,1000.0,52.4221729,10.7993433,POINT (10.7993433 52.4221729)
K302Z1B,2016-09-20 09:48:00.000 +0200,980.0,52.4221729,10.7993433,POINT (10.7993433 52.4221729)
K302Z1B,2016-09-20 09:51:00.000 +0200,900.0,52.4221729,10.7993433,POINT (10.7993433 52.4221729)
K302Z1B,2016-09-20 09:54:00.000 +0200,720.0,52.4221729,10.7993433,POINT (10.7993433 52.4221729)
K302Z1B,2016-09-20 09:57:00.000 +0200,800.0,52.4221729,10.7993433,POINT (10.7993433 52.4221729)
K302Z1B,2016-09-20 10:00:00.000 +0200,580.0,52.4221729,10.7993433,POINT (10.7993433 52.4221729)
K302Z1B,2016-09-20 10:03:00.000 +0200,740.0,52.4221729,10.7993433,POINT (10.7993433 52.4221729)
K302Z1B,2016-09-20 10:06:00.000 +0200,700.0,52.4221729,10.7993433,POINT (10.7993433 52.4221729)
K302Z1B,2016-09-20 10:09:00.000 +0200,560.0,52.4221729,10.7993433,POINT (10.7993433 52.4221729)
K302Z1B,2016-09-20 10:12:00.000 +0200,600.0,52.4221729,10.7993433,POINT (10.7993433 52.4221729)
K302Z1B,2016-09-20 10:15:00.000 +0200,720.0,52.4221729,10.7993433,POINT (10.7993433 52.4221729)
K302Z1B,2016-09-20 10:18:00.000 +0200,660.0,52.4221729,10.7993433,POINT (10.7993433 52.4221729)
K302Z1B,2016-09-20 10:21:00.000 +0200,580.0,52.4221729,10.7993433,POINT (10.7993433 52.4221729)
K302Z1B,2016-09-20 10:24:00.000 +0200,540.0,52.4221729,10.7993433,POINT (10.7993433 52.4221729)
K302Z1B,2016-09-20 10:27:00.000 +0200,380.0,52.4221729,10.7993433,POINT (10.7993433 52.4221729)
K302Z1B,2016-09-20 10:30:00.000 +0200,500.0,52.4221729,10.7993433,POINT (10.7993433 52.4221729)
K302Z1B,2016-09-20 10:33:00.000 +0200,660.0,52.4221729,10.7993433,POINT (10.7993433 52.4221729)
K302Z1B,2016-09-20 10:36:00.000 +0200,560.0,52.4221729,10.7993433,POINT (10.7993433 52.4221729)
K302Z1B,2016-09-20 10:39:00.000 +0200,500.0,52.4221729,10.7993433,POINT (10.7993433 52.4221729)
K302Z1B,2016-09-20 10:42:00.000 +0200,400.0,52.4221729,10.7993433,POINT (10.7993433 52.4221729)
K302Z1B,2016-09-20 10:45:00.000 +0200,740.0,52.4221729,10.7993433,POINT (10.7993433 52.4221729)
K302Z1B,2016-09-20 10:48:00.000 +0200,560.0,52.4221729,10.7993433,POINT (10.7993433 52.4221729)
K302Z1B,2016-09-20 10:51:00.000 +0200,480.0,52.4221729,10.7993433,POINT (10.7993433 52.4221729)
K302Z1B,2016-09-20 10:54:00.000 +0200,580.0,52.4221729,10.7993433,POINT (10.7993433 52.4221729)
K302Z1B,2016-09-20 10:57:00.000 +0200,440.0,52.4221729,10.7993433,POINT (10.7993433 52.4221729)
K302Z1B,2016-09-20 11:00:00.000 +0200,480.0,52.4221729,10.7993433,POINT (10.7993433 52.4221729)
K302Z1B,2016-09-20 11:03:00.000 +0200,300.0,52.4221729,10.7993433,POINT (10.7993433 52.4221729)
K302Z1B,2016-09-20 11:06:00.000 +0200,300.0,52.4221729,10.7993433,POINT (10.7993433 52.4221729)
K302Z1B,2016-09-20 11:09:00.000 +0200,540.0,52.4221729,10.7993433,POINT (10.7993433 52.4221729)
K302Z1B,2016-09-20 11:12:00.000 +0200,400.0,52.4221729,10.7993433,POINT (10.7993433 52.4221729)
K302Z1B,2016-09-20 11:15:00.000 +0200,460.0,52.4221729,10.7993433,POINT (10.7993433 52.4221729)
K302Z1B,2016-09-20 11:18:00.000 +0200,160.0,52.4221729,10.7993433,POINT (10.7993433 52.4221729)
K302Z1B,2016-09-20 11:21:00.000 +0200,500.0,52.4221729,10.7993433,POINT (10.7993433 52.4221729)
K302Z1B,2016-09-20 11:24:00.000 +0200,580.0,52.4221729,10.7993433,POINT (10.7993433 52.4221729)
K302Z1B,2016-09-20 11:27:00.000 +0200,580.0,52.4221729,10.7993433,POINT (10.7993433 52.4221729)
K302Z1B,2016-09-20 11:30:00.000 +0200,340.0,52.4221729,10.7993433,POINT (10.7993433 52.4221729)
K302Z1B,2016-09-20 11:33:00.000 +0200,520.0,52.4221729,10.7993433,POINT (10.7993433 52.4221729)
K302Z1B,2016-09-20 11:36:00.000 +0200,460.0,52.4221729,10.7993433,POINT (10.7993433 52.4221729)
K302Z1B,2016-09-20 11:39:00.000 +0200,400.0,52.4221729,10.7993433,POINT (10.7993433 52.4221729)
K302Z1B,2016-09-20 11:42:00.000 +0200,620.0,52.4221729,10.7993433,POINT (10.7993433 52.4221729)
K302Z1B,2016-09-20 11:45:00.000 +0200,400.0,52.4221729,10.7993433,POINT (10.7993433 52.4221729)
K302Z1B,2016-09-20 11:48:00.000 +0200,600.0,52.4221729,10.7993433,POINT (10.7993433 52.4221729)
K302Z1B,2016-09-20 11:51:00.000 +0200,460.0,52.4221729,10.7993433,POINT (10.7993433 52.4221729)
K302Z1B,2016-09-20 11:54:00.000 +0200,460.0,52.4221729,10.7993433,POINT (10.7993433 52.4221729)
K302Z1B,2016-09-20 11:57:00.000 +0200,520.0,52.4221729,10.7993433,POINT (10.7993433 52.4221729)
K302Z1B,2016-09-20 12:00:00.000 +0200,480.0,52.4221729,10.7993433,POINT (10.7993433 52.4221729)
K302Z1B,2016-09-20 12:03:00.000 +0200,480.0,52.4221729,10.7993433,POINT (10.7993433 52.4221729)
K302Z1B,2016-09-20 12:06:00.000 +0200,340.0,52.4221729,10.7993433,POINT (10.7993433 52.4221729)
K302Z1B,2016-09-20 12:09:00.000 +0200,660.0,52.4221729,10.7993433,POINT (10.7993433 52.4221729)
K302Z1B,2016-09-20 12:12:00.000 +0200,440.0,52.4221729,10.7993433,POINT (10.7993433 52.4221729)
K302Z1B,2016-09-20 12:15:00.000 +0200,240.0,52.4221729,10.7993433,POINT (10.7993433 52.4221729)
K302Z1B,2016-09-20 12:18:00.000 +0200,380.0,52.4221729,10.7993433,POINT (10.7993433 52.4221729)
K302Z1B,2016-09-20 12:21:00.000 +0200,720.0,52.4221729,10.7993433,POINT (10.7993433 52.4221729)
K302Z1B,2016-09-20 12:24:00.000 +0200,560.0,52.4221729,10.7993433,POINT (10.7993433 52.4221729)
K302Z1B,2016-09-20 12:27:00.000 +0200,640.0,52.4221729,10.7993433,POINT (10.7993433 52.4221729)
K302Z1B,2016-09-20 12:30:00.000 +0200,360.0,52.4221729,10.7993433,POINT (10.7993433 52.4221729)
K302Z1B,2016-09-20 12:33:00.000 +0200,560.0,52.4221729,10.7993433,POINT (10.7993433 52.4221729)
K302Z1B,2016-09-20 12:36:00.000 +0200,480.0,52.4221729,10.7993433,POINT (10.7993433 52.4221729)
K302Z1B,2016-09-20 12:39:00.000 +0200,440.0,52.4221729,10.7993433,POINT (10.7993433 52.4221729)
K302Z1B,2016-09-20 12:42:00.000 +0200,500.0,52.4221729,10.7993433,POINT (10.7993433 52.4221729)
K302Z1B,2016-09-20 12:45:00.000 +0200,260.0,52.4221729,10.7993433,POINT (10.7993433 52.4221729)
K302Z1B,2016-09-20 12:48:00.000 +0200,460.0,52.4221729,10.7993433,POINT (10.7993433 52.4221729)
K302Z1B,2016-09-20 12:51:00.000 +0200,540.0,52.4221729,10.7993433,POINT (10.7993433 52.4221729)
K302Z1B,2016-09-20 12:54:00.000 +0200,540.0,52.4221729,10.7993433,POINT (10.7993433 52.4221729)
K302Z1B,2016-09-20 12:57:00.000 +0200,340.0,52.4221729,10.7993433,POINT (10.7993433 52.4221729)
K302Z1B,2016-09-20 13:00:00.000 +0200,520.0,52.4221729,10.7993433,POINT (10.7993433 52.4221729)
K302Z1B,2016-09-20 13:03:00.000 +0200,340.0,52.4221729,10.7993433,POINT (10.7993433 52.4221729)
K302Z1B,2016-09-20 13:06:00.000 +0200,460.0,52.4221729,10.7993433,POINT (10.7993433 52.4221729)
K302Z1B,2016-09-20 13:09:00.000 +0200,740.0,52.4221729,10.7993433,POINT (10.7993433 52.4221729)
K302Z1B,2016-09-20 13:12:00.000 +0200,540.0,52.4221729,10.7993433,POINT (10.7993433 52.4221729)
K302Z1B,2016-09-20 13:15:00.000 +0200,340.0,52.4221729,10.7993433,POINT (10.7993433 52.4221729)
K302Z1B,2016-09-20 13:18:00.000 +0200,460.0,52.4221729,10.7993433,POINT (10.7993433 52.4221729)
K302Z1B,2016-09-20 13:21:00.000 +0200,500.0,52.4221729,10.7993433,POINT (10.7993433 52.4221729)
K302Z1B,2016-09-20 13:24:00.000 +0200,460.0,52.4221729,10.7993433,POINT (10.7993433 52.4221729)
K302Z1B,2016-09-20 13:27:00.000 +0200,420.0,52.4221729,10.7993433,POINT (10.7993433 52.4221729)
K302Z1B,2016-09-20 13:30:00.000 +0200,460.0,52.4221729,10.7993433,POINT (10.7993433 52.4221729)
K302Z1B,2016-09-20 13:33:00.000 +0200,420.0,52.4221729,10.7993433,POINT (10.7993433 52.4221729)
K302Z1B,2016-09-20 13:36:00.000 +0200,340.0,52.4221729,10.7993433,POINT (10.7993433 52.4221729)
K302Z1B,2016-09-20 13:39:00.000 +0200,340.0,52.4221729,10.7993433,POINT (10.7993433 52.4221729)
K302Z1B,2016-09-20 13:42:00.000 +0200,400.0,52.4221729,10.7993433,POINT (10.7993433 52.4221729)
K302Z1B,2016-09-20 13:45:00.000 +0200,460.0,52.4221729,10.7993433,POINT (10.7993433 52.4221729)
K302Z1B,2016-09-20 13:48:00.000 +0200,440.0,52.4221729,10.7993433,POINT (10.7993433 52.4221729)
K302Z1B,2016-09-20 13:51:00.000 +0200,460.0,52.4221729,10.7993433,POINT (10.7993433 52.4221729)
K302Z1B,2016-09-20 13:54:00.000 +0200,460.0,52.4221729,10.7993433,POINT (10.7993433 52.4221729)
K302Z1B,2016-09-20 13:57:00.000 +0200,360.0,52.4221729,10.7993433,POINT (10.7993433 52.4221729)
K302Z1B,2016-09-20 14:00:00.000 +0200,380.0,52.4221729,10.7993433,POINT (10.7993433 52.4221729)
K302Z1B,2016-09-20 14:03:00.000 +0200,340.0,52.4221729,10.7993433,POINT (10.7993433 52.4221729)
K302Z1B,2016-09-20 14:06:00.000 +0200,400.0,52.4221729,10.7993433,POINT (10.7993433 52.4221729)
K302Z1B,2016-09-20 14:09:00.000 +0200,740.0,52.4221729,10.7993433,POINT (10.7993433 52.4221729)
K302Z1B,2016-09-20 14:12:00.000 +0200,500.0,52.4221729,10.7993433,POINT (10.7993433 52.4221729)
K302Z1B,2016-09-20 14:15:00.000 +0200,520.0,52.4221729,10.7993433,POINT (10.7993433 52.4221729)
K302Z1B,2016-09-20 14:18:00.000 +0200,320.0,52.4221729,10.7993433,POINT (10.7993433 52.4221729)
K302Z1B,2016-09-20 14:21:00.000 +0200,580.0,52.4221729,10.7993433,POINT (10.7993433 52.4221729)
K302Z1B,2016-09-20 14:24:00.000 +0200,440.0,52.4221729,10.7993433,POINT (10.7993433 52.4221729)
K302Z1B,2016-09-20 14:27:00.000 +0200,560.0,52.4221729,10.7993433,POINT (10.7993433 52.4221729)
K302Z1B,2016-09-20 14:30:00.000 +0200,540.0,52.4221729,10.7993433,POINT (10.7993433 52.4221729)
K302Z1B,2016-09-20 14:33:00.000 +0200,500.0,52.4221729,10.7993433,POINT (10.7993433 52.4221729)
K302Z1B,2016-09-20 14:36:00.000 +0200,700.0,52.4221729,10.7993433,POINT (10.7993433 52.4221729)
K302Z1B,2016-09-20 14:39:00.000 +0200,380.0,52.4221729,10.7993433,POINT (10.7993433 52.4221729)
K302Z1B,2016-09-20 14:42:00.000 +0200,780.0,52.4221729,10.7993433,POINT (10.7993433 52.4221729)
K302Z1B,2016-09-20 14:45:00.000 +0200,560.0,52.4221729,10.7993433,POINT (10.7993433 52.4221729)
K302Z1B,2016-09-20 14:48:00.000 +0200,700.0,52.4221729,10.7993433,POINT (10.7993433 52.4221729)
K302Z1B,2016-09-20 14:51:00.000 +0200,680.0,52.4221729,10.7993433,POINT (10.7993433 52.4221729)
K302Z1B,2016-09-20 14:54:00.000 +0200,460.0,52.4221729,10.7993433,POINT (10.7993433 52.4221729)
K302Z1B,2016-09-20 14:57:00.000 +0200,780.0,52.4221729,10.7993433,POINT (10.7993433 52.4221729)
K302Z1B,2016-09-20 15:00:00.000 +0200,680.0,52.4221729,10.7993433,POINT (10.7993433 52.4221729)
K302Z1B,2016-09-20 15:03:00.000 +0200,500.0,52.4221729,10.7993433,POINT (10.7993433 52.4221729)
K302Z1B,2016-09-20 15:06:00.000 +0200,600.0,52.4221729,10.7993433,POINT (10.7993433 52.4221729)
K302Z1B,2016-09-20 15:09:00.000 +0200,760.0,52.4221729,10.7993433,POINT (10.7993433 52.4221729)
K302Z1B,2016-09-20 15:12:00.000 +0200,760.0,52.4221729,10.7993433,POINT (10.7993433 52.4221729)
K302Z1B,2016-09-20 15:15:00.000 +0200,400.0,52.4221729,10.7993433,POINT (10.7993433 52.4221729)
K302Z1B,2016-09-20 15:18:00.000 +0200,620.0,52.4221729,10.7993433,POINT (10.7993433 52.4221729)
K302Z1B,2016-09-20 15:21:00.000 +0200,640.0,52.4221729,10.7993433,POINT (10.7993433 52.4221729)
K302Z1B,2016-09-20 15:24:00.000 +0200,500.0,52.4221729,10.7993433,POINT (10.7993433 52.4221729)
K302Z1B,2016-09-20 15:27:00.000 +0200,660.0,52.4221729,10.7993433,POINT (10.7993433 52.4221729)
K302Z1B,2016-09-20 15:30:00.000 +0200,780.0,52.4221729,10.7993433,POINT (10.7993433 52.4221729)
K302Z1B,2016-09-20 15:33:00.000 +0200,560.0,52.4221729,10.7993433,POINT (10.7993433 52.4221729)
K302Z1B,2016-09-20 15:36:00.000 +0200,580.0,52.4221729,10.7993433,POINT (10.7993433 52.4221729)
K302Z1B,2016-09-20 15:39:00.000 +0200,580.0,52.4221729,10.7993433,POINT (10.7993433 52.4221729)
K302Z1B,2016-09-20 15:42:00.000 +0200,540.0,52.4221729,10.7993433,POINT (10.7993433 52.4221729)
K302Z1B,2016-09-20 15:45:00.000 +0200,760.0,52.4221729,10.7993433,POINT (10.7993433 52.4221729)
K302Z1B,2016-09-20 15:48:00.000 +0200,700.0,52.4221729,10.7993433,POINT (10.7993433 52.4221729)
K302Z1B,2016-09-20 15:51:00.000 +0200,860.0,52.4221729,10.7993433,POINT (10.7993433 52.4221729)
K302Z1B,2016-09-20 15:54:00.000 +0200,740.0,52.4221729,10.7993433,POINT (10.7993433 52.4221729)
K302Z1B,2016-09-20 15:57:00.000 +0200,500.0,52.4221729,10.7993433,POINT (10.7993433 52.4221729)
K302Z1B,2016-09-20 16:00:00.000 +0200,640.0,52.4221729,10.7993433,POINT (10.7993433 52.4221729)
K302Z1B,2016-09-20 16:03:00.000 +0200,820.0,52.4221729,10.7993433,POINT (10.7993433 52.4221729)
K302Z1B,2016-09-20 16:06:00.000 +0200,660.0,52.4221729,10.7993433,POINT (10.7993433 52.4221729)
K302Z1B,2016-09-20 16:09:00.000 +0200,820.0,52.4221729,10.7993433,POINT (10.7993433 52.4221729)
K302Z1B,2016-09-20 16:12:00.000 +0200,1040.0,52.4221729,10.7993433,POINT (10.7993433 52.4221729)
K302Z1B,2016-09-20 16:15:00.000 +0200,1220.0,52.4221729,10.7993433,POINT (10.7993433 52.4221729)
K302Z1B,2016-09-20 16:18:00.000 +0200,1300.0,52.4221729,10.7993433,POINT (10.7993433 52.4221729)
K302Z1B,2016-09-20 16:21:00.000 +0200,1360.0,52.4221729,10.7993433,POINT (10.7993433 52.4221729)
K302Z1B,2016-09-20 16:24:00.000 +0200,1460.0,52.4221729,10.7993433,POINT (10.7993433 52.4221729)
K302Z1B,2016-09-20 16:27:00.000 +0200,1320.0,52.4221729,10.7993433,POINT (10.7993433 52.4221729)
K302Z1B,2016-09-20 16:30:00.000 +0200,1120.0,52.4221729,10.7993433,POINT (10.7993433 52.4221729)
K302Z1B,2016-09-20 16:33:00.000 +0200,1240.0,52.4221729,10.7993433,POINT (10.7993433 52.4221729)
K302Z1B,2016-09-20 16:36:00.000 +0200,1460.0,52.4221729,10.7993433,POINT (10.7993433 52.4221729)
K302Z1B,2016-09-20 16:39:00.000 +0200,1220.0,52.4221729,10.7993433,POINT (10.7993433 52.4221729)
K302Z1B,2016-09-20 16:42:00.000 +0200,1260.0,52.4221729,10.7993433,POINT (10.7993433 52.4221729)
K302Z1B,2016-09-20 16:45:00.000 +0200,980.0,52.4221729,10.7993433,POINT (10.7993433 52.4221729)
K302Z1B,2016-09-20 16:48:00.000 +0200,1060.0,52.4221729,10.7993433,POINT (10.7993433 52.4221729)
K302Z1B,2016-09-20 16:51:00.000 +0200,1260.0,52.4221729,10.7993433,POINT (10.7993433 52.4221729)
K302Z1B,2016-09-20 16:54:00.000 +0200,860.0,52.4221729,10.7993433,POINT (10.7993433 52.4221729)
K302Z1B,2016-09-20 16:57:00.000 +0200,840.0,52.4221729,10.7993433,POINT (10.7993433 52.4221729)
K302Z1B,2016-09-20 17:00:00.000 +0200,1040.0,52.4221729,10.7993433,POINT (10.7993433 52.4221729)
K302Z1B,2016-09-20 17:03:00.000 +0200,1300.0,52.4221729,10.7993433,POINT (10.7993433 52.4221729)
K302Z1B,2016-09-20 17:06:00.000 +0200,1440.0,52.4221729,10.7993433,POINT (10.7993433 52.4221729)
K302Z1B,2016-09-20 17:09:00.000 +0200,1280.0,52.4221729,10.7993433,POINT (10.7993433 52.4221729)
K302Z1B,2016-09-20 17:12:00.000 +0200,980.0,52.4221729,10.7993433,POINT (10.7993433 52.4221729)
K302Z1B,2016-09-20 17:15:00.000 +0200,1100.0,52.4221729,10.7993433,POINT (10.7993433 52.4221729)
K302Z1B,2016-09-20 17:18:00.000 +0200,1180.0,52.4221729,10.7993433,POINT (10.7993433 52.4221729)
K302Z1B,2016-09-20 17:21:00.000 +0200,1260.0,52.4221729,10.7993433,POINT (10.7993433 52.4221729)
K302Z1B,2016-09-20 17:24:00.000 +0200,1360.0,52.4221729,10.7993433,POINT (10.7993433 52.4221729)
K302Z1B,2016-09-20 17:27:00.000 +0200,1060.0,52.4221729,10.7993433,POINT (10.7993433 52.4221729)
K302Z1B,2016-09-20 17:30:00.000 +0200,800.0,52.4221729,10.7993433,POINT (10.7993433 52.4221729)
K302Z1B,2016-09-20 17:33:00.000 +0200,1300.0,52.4221729,10.7993433,POINT (10.7993433 52.4221729)
K302Z1B,2016-09-20 17:36:00.000 +0200,1400.0,52.4221729,10.7993433,POINT (10.7993433 52.4221729)
K302Z1B,2016-09-20 17:39:00.000 +0200,1460.0,52.4221729,10.7993433,POINT (10.7993433 52.4221729)
K302Z1B,2016-09-20 17:42:00.000 +0200,1160.0,52.4221729,10.7993433,POINT (10.7993433 52.4221729)
K302Z1B,2016-09-20 17:45:00.000 +0200,1120.0,52.4221729,10.7993433,POINT (10.7993433 52.4221729)
K302Z1B,2016-09-20 17:48:00.000 +0200,1440.0,52.4221729,10.7993433,POINT (10.7993433 52.4221729)
K302Z1B,2016-09-20 17:51:00.000 +0200,1420.0,52.4221729,10.7993433,POINT (10.7993433 52.4221729)
K302Z1B,2016-09-20 17:54:00.000 +0200,1140.0,52.4221729,10.7993433,POINT (10.7993433 52.4221729)
K302Z1B,2016-09-20 17:57:00.000 +0200,1380.0,52.4221729,10.7993433,POINT (10.7993433 52.4221729)
K302Z1B,2016-09-20 18:00:00.000 +0200,1160.0,52.4221729,10.7993433,POINT (10.7993433 52.4221729)
K302Z1B,2016-09-20 18:03:00.000 +0200,1480.0,52.4221729,10.7993433,POINT (10.7993433 52.4221729)
K302Z1B,2016-09-20 18:06:00.000 +0200,1360.0,52.4221729,10.7993433,POINT (10.7993433 52.4221729)
K302Z1B,2016-09-20 18:09:00.000 +0200,1160.0,52.4221729,10.7993433,POINT (10.7993433 52.4221729)
K302Z1B,2016-09-20 18:12:00.000 +0200,920.0,52.4221729,10.7993433,POINT (10.7993433 52.4221729)
K302Z1B,2016-09-20 18:15:00.000 +0200,1160.0,52.4221729,10.7993433,POINT (10.7993433 52.4221729)
K302Z1B,2016-09-20 18:18:00.000 +0200,1200.0,52.4221729,10.7993433,POINT (10.7993433 52.4221729)
K302Z1B,2016-09-20 18:21:00.000 +0200,1420.0,52.4221729,10.7993433,POINT (10.7993433 52.4221729)
K302Z1B,2016-09-20 18:24:00.000 +0200,1000.0,52.4221729,10.7993433,POINT (10.7993433 52.4221729)
K302Z1B,2016-09-20 18:27:00.000 +0200,1100.0,52.4221729,10.7993433,POINT (10.7993433 52.4221729)
K302Z1B,2016-09-20 18:30:00.000 +0200,1080.0,52.4221729,10.7993433,POINT (10.7993433 52.4221729)
K302Z1B,2016-09-20 18:33:00.000 +0200,1200.0,52.4221729,10.7993433,POINT (10.7993433 52.4221729)
K302Z1B,2016-09-20 18:36:00.000 +0200,1240.0,52.4221729,10.7993433,POINT (10.7993433 52.4221729)
K302Z1B,2016-09-20 18:39:00.000 +0200,1540.0,52.4221729,10.7993433,POINT (10.7993433 52.4221729)
K302Z1B,2016-09-20 18:42:00.000 +0200,980.0,52.4221729,10.7993433,POINT (10.7993433 52.4221729)
K302Z1B,2016-09-20 18:45:00.000 +0200,940.0,52.4221729,10.7993433,POINT (10.7993433 52.4221729)
K302Z1B,2016-09-20 18:48:00.000 +0200,1340.0,52.4221729,10.7993433,POINT (10.7993433 52.4221729)
K302Z1B,2016-09-20 18:51:00.000 +0200,1000.0,52.4221729,10.7993433,POINT (10.7993433 52.4221729)
K302Z1B,2016-09-20 18:54:00.000 +0200,1140.0,52.4221729,10.7993433,POINT (10.7993433 52.4221729)
K302Z1B,2016-09-20 18:57:00.000 +0200,780.0,52.4221729,10.7993433,POINT (10.7993433 52.4221729)
K302Z1B,2016-09-20 19:00:00.000 +0200,860.0,52.4221729,10.7993433,POINT (10.7993433 52.4221729)
K302Z1B,2016-09-20 19:03:00.000 +0200,880.0,52.4221729,10.7993433,POINT (10.7993433 52.4221729)
K302Z1B,2016-09-20 19:06:00.000 +0200,1060.0,52.4221729,10.7993433,POINT (10.7993433 52.4221729)
K302Z1B,2016-09-20 19:09:00.000 +0200,1380.0,52.4221729,10.7993433,POINT (10.7993433 52.4221729)
K302Z1B,2016-09-20 19:12:00.000 +0200,840.0,52.4221729,10.7993433,POINT (10.7993433 52.4221729)
K302Z1B,2016-09-20 19:15:00.000 +0200,980.0,52.4221729,10.7993433,POINT (10.7993433 52.4221729)
K302Z1B,2016-09-20 19:18:00.000 +0200,1160.0,52.4221729,10.7993433,POINT (10.7993433 52.4221729)
K302Z1B,2016-09-20 19:21:00.000 +0200,1140.0,52.4221729,10.7993433,POINT (10.7993433 52.4221729)
K302Z1B,2016-09-20 19:24:00.000 +0200,1140.0,52.4221729,10.7993433,POINT (10.7993433 52.4221729)
K302Z1B,2016-09-20 19:27:00.000 +0200,880.0,52.4221729,10.7993433,POINT (10.7993433 52.4221729)
K302Z1B,2016-09-20 19:30:00.000 +0200,880.0,52.4221729,10.7993433,POINT (10.7993433 52.4221729)
K302Z1B,2016-09-20 19:33:00.000 +0200,1040.0,52.4221729,10.7993433,POINT (10.7993433 52.4221729)
K302Z1B,2016-09-20 19:36:00.000 +0200,780.0,52.4221729,10.7993433,POINT (10.7993433 52.4221729)
K302Z1B,2016-09-20 19:39:00.000 +0200,1140.0,52.4221729,10.7993433,POINT (10.7993433 52.4221729)
K302Z1B,2016-09-20 19:42:00.000 +0200,1000.0,52.4221729,10.7993433,POINT (10.7993433 52.4221729)
K302Z1B,2016-09-20 19:45:00.000 +0200,720.0,52.4221729,10.7993433,POINT (10.7993433 52.4221729)
K302Z1B,2016-09-20 19:48:00.000 +0200,880.0,52.4221729,10.7993433,POINT (10.7993433 52.4221729)
K302Z1B,2016-09-20 19:51:00.000 +0200,920.0,52.4221729,10.7993433,POINT (10.7993433 52.4221729)
K302Z1B,2016-09-20 19:54:00.000 +0200,800.0,52.4221729,10.7993433,POINT (10.7993433 52.4221729)
K302Z1B,2016-09-20 19:57:00.000 +0200,1040.0,52.4221729,10.7993433,POINT (10.7993433 52.4221729)
K302Z1B,2016-09-20 20:00:00.000 +0200,800.0,52.4221729,10.7993433,POINT (10.7993433 52.4221729)
K302Z1B,2016-09-20 20:03:00.000 +0200,920.0,52.4221729,10.7993433,POINT (10.7993433 52.4221729)
K302Z1B,2016-09-20 20:06:00.000 +0200,840.0,52.4221729,10.7993433,POINT (10.7993433 52.4221729)
K302Z1B,2016-09-20 20:09:00.000 +0200,820.0,52.4221729,10.7993433,POINT (10.7993433 52.4221729)
K302Z1B,2016-09-20 20:12:00.000 +0200,920.0,52.4221729,10.7993433,POINT (10.7993433 52.4221729)
K302Z1B,2016-09-20 20:15:00.000 +0200,700.0,52.4221729,10.7993433,POINT (10.7993433 52.4221729)
K302Z1B,2016-09-20 20:18:00.000 +0200,760.0,52.4221729,10.7993433,POINT (10.7993433 52.4221729)
K302Z1B,2016-09-20 20:21:00.000 +0200,940.0,52.4221729,10.7993433,POINT (10.7993433 52.4221729)
K302Z1B,2016-09-20 20:24:00.000 +0200,860.0,52.4221729,10.7993433,POINT (10.7993433 52.4221729)
K302Z1B,2016-09-20 20:27:00.000 +0200,560.0,52.4221729,10.7993433,POINT (10.7993433 52.4221729)
K302Z1B,2016-09-20 20:30:00.000 +0200,520.0,52.4221729,10.7993433,POINT (10.7993433 52.4221729)
K302Z1B,2016-09-20 20:33:00.000 +0200,720.0,52.4221729,10.7993433,POINT (10.7993433 52.4221729)
K302Z1B,2016-09-20 20:36:00.000 +0200,840.0,52.4221729,10.7993433,POINT (10.7993433 52.4221729)
K302Z1B,2016-09-20 20:39:00.000 +0200,480.0,52.4221729,10.7993433,POINT (10.7993433 52.4221729)
K302Z1B,2016-09-20 20:42:00.000 +0200,520.0,52.4221729,10.7993433,POINT (10.7993433 52.4221729)
K302Z1B,2016-09-20 20:45:00.000 +0200,600.0,52.4221729,10.7993433,POINT (10.7993433 52.4221729)
K302Z1B,2016-09-20 20:48:00.000 +0200,440.0,52.4221729,10.7993433,POINT (10.7993433 52.4221729)
K302Z1B,2016-09-20 20:51:00.000 +0200,560.0,52.4221729,10.7993433,POINT (10.7993433 52.4221729)
K302Z1B,2016-09-20 20:54:00.000 +0200,460.0,52.4221729,10.7993433,POINT (10.7993433 52.4221729)
K302Z1B,2016-09-20 20:57:00.000 +0200,620.0,52.4221729,10.7993433,POINT (10.7993433 52.4221729)
K302Z1B,2016-09-20 21:00:00.000 +0200,460.0,52.4221729,10.7993433,POINT (10.7993433 52.4221729)
K302Z1B,2016-09-20 21:03:00.000 +0200,620.0,52.4221729,10.7993433,POINT (10.7993433 52.4221729)
K302Z1B,2016-09-20 21:06:00.000 +0200,520.0,52.4221729,10.7993433,POINT (10.7993433 52.4221729)
K302Z1B,2016-09-20 21:09:00.000 +0200,460.0,52.4221729,10.7993433,POINT (10.7993433 52.4221729)
K302Z1B,2016-09-20 21:12:00.000 +0200,360.0,52.4221729,10.7993433,POINT (10.7993433 52.4221729)
K302Z1B,2016-09-20 21:15:00.000 +0200,400.0,52.4221729,10.7993433,POINT (10.7993433 52.4221729)
K302Z1B,2016-09-20 21:18:00.000 +0200,300.0,52.4221729,10.7993433,POINT (10.7993433 52.4221729)
K302Z1B,2016-09-20 21:21:00.000 +0200,440.0,52.4221729,10.7993433,POINT (10.7993433 52.4221729)
K302Z1B,2016-09-20 21:24:00.000 +0200,400.0,52.4221729,10.7993433,POINT (10.7993433 52.4221729)
K302Z1B,2016-09-20 21:27:00.000 +0200,300.0,52.4221729,10.7993433,POINT (10.7993433 52.4221729)
K302Z1B,2016-09-20 21:30:00.000 +0200,480.0,52.4221729,10.7993433,POINT (10.7993433 52.4221729)
K302Z1B,2016-09-20 21:33:00.000 +0200,640.0,52.4221729,10.7993433,POINT (10.7993433 52.4221729)
K302Z1B,2016-09-20 21:36:00.000 +0200,380.0,52.4221729,10.7993433,POINT (10.7993433 52.4221729)
K302Z1B,2016-09-20 21:39:00.000 +0200,320.0,52.4221729,10.7993433,POINT (10.7993433 52.4221729)
K302Z1B,2016-09-20 21:42:00.000 +0200,420.0,52.4221729,10.7993433,POINT (10.7993433 52.4221729)
K302Z1B,2016-09-20 21:45:00.000 +0200,500.0,52.4221729,10.7993433,POINT (10.7993433 52.4221729)
K302Z1B,2016-09-20 21:48:00.000 +0200,260.0,52.4221729,10.7993433,POINT (10.7993433 52.4221729)
K302Z1B,2016-09-20 21:51:00.000 +0200,460.0,52.4221729,10.7993433,POINT (10.7993433 52.4221729)
K302Z1B,2016-09-20 21:54:00.000 +0200,500.0,52.4221729,10.7993433,POINT (10.7993433 52.4221729)
K302Z1B,2016-09-20 21:57:00.000 +0200,360.0,52.4221729,10.7993433,POINT (10.7993433 52.4221729)
K302Z1B,2016-09-20 22:00:00.000 +0200,360.0,52.4221729,10.7993433,POINT (10.7993433 52.4221729)
K302Z1B,2016-09-20 22:03:00.000 +0200,320.0,52.4221729,10.7993433,POINT (10.7993433 52.4221729)
K302Z1B,2016-09-20 22:06:00.000 +0200,300.0,52.4221729,10.7993433,POINT (10.7993433 52.4221729)
K302Z1B,2016-09-20 22:09:00.000 +0200,320.0,52.4221729,10.7993433,POINT (10.7993433 52.4221729)
K302Z1B,2016-09-20 22:12:00.000 +0200,140.0,52.4221729,10.7993433,POINT (10.7993433 52.4221729)
K302Z1B,2016-09-20 22:15:00.000 +0200,240.0,52.4221729,10.7993433,POINT (10.7993433 52.4221729)
K302Z1B,2016-09-20 22:18:00.000 +0200,300.0,52.4221729,10.7993433,POINT (10.7993433 52.4221729)
K302Z1B,2016-09-20 22:21:00.000 +0200,300.0,52.4221729,10.7993433,POINT (10.7993433 52.4221729)
K302Z1B,2016-09-20 22:24:00.000 +0200,240.0,52.4221729,10.7993433,POINT (10.7993433 52.4221729)
K302Z1B,2016-09-20 22:27:00.000 +0200,200.0,52.4221729,10.7993433,POINT (10.7993433 52.4221729)
K302Z1B,2016-09-20 22:30:00.000 +0200,180.0,52.4221729,10.7993433,POINT (10.7993433 52.4221729)
K302Z1B,2016-09-20 22:33:00.000 +0200,300.0,52.4221729,10.7993433,POINT (10.7993433 52.4221729)
K302Z1B,2016-09-20 22:36:00.000 +0200,240.0,52.4221729,10.7993433,POINT (10.7993433 52.4221729)
K302Z1B,2016-09-20 22:39:00.000 +0200,280.0,52.4221729,10.7993433,POINT (10.7993433 52.4221729)
K302Z1B,2016-09-20 22:42:00.000 +0200,160.0,52.4221729,10.7993433,POINT (10.7993433 52.4221729)
K302Z1B,2016-09-20 22:45:00.000 +0200,260.0,52.4221729,10.7993433,POINT (10.7993433 52.4221729)
K302Z1B,2016-09-20 22:48:00.000 +0200,180.0,52.4221729,10.7993433,POINT (10.7993433 52.4221729)
K302Z1B,2016-09-20 22:51:00.000 +0200,180.0,52.4221729,10.7993433,POINT (10.7993433 52.4221729)
K302Z1B,2016-09-20 22:54:00.000 +0200,100.0,52.4221729,10.7993433,POINT (10.7993433 52.4221729)
K302Z1B,2016-09-20 22:57:00.000 +0200,180.0,52.4221729,10.7993433,POINT (10.7993433 52.4221729)
K302Z1B,2016-09-20 23:00:00.000 +0200,180.0,52.4221729,10.7993433,POINT (10.7993433 52.4221729)
K302Z1B,2016-09-20 23:03:00.000 +0200,80.0,52.4221729,10.7993433,POINT (10.7993433 52.4221729)
K302Z1B,2016-09-20 23:06:00.000 +0200,200.0,52.4221729,10.7993433,POINT (10.7993433 52.4221729)
K302Z1B,2016-09-20 23:09:00.000 +0200,260.0,52.4221729,10.7993433,POINT (10.7993433 52.4221729)
K302Z1B,2016-09-20 23:12:00.000 +0200,360.0,52.4221729,10.7993433,POINT (10.7993433 52.4221729)
K302Z1B,2016-09-20 23:15:00.000 +0200,140.0,52.4221729,10.7993433,POINT (10.7993433 52.4221729)
K302Z1B,2016-09-20 23:18:00.000 +0200,200.0,52.4221729,10.7993433,POINT (10.7993433 52.4221729)
K302Z1B,2016-09-20 23:21:00.000 +0200,200.0,52.4221729,10.7993433,POINT (10.7993433 52.4221729)
K302Z1B,2016-09-20 23:24:00.000 +0200,220.0,52.4221729,10.7993433,POINT (10.7993433 52.4221729)
K302Z1B,2016-09-20 23:27:00.000 +0200,180.0,52.4221729,10.7993433,POINT (10.7993433 52.4221729)
K302Z1B,2016-09-20 23:30:00.000 +0200,120.0,52.4221729,10.7993433,POINT (10.7993433 52.4221729)
K302Z1B,2016-09-20 23:33:00.000 +0200,140.0,52.4221729,10.7993433,POINT (10.7993433 52.4221729)
K302Z1B,2016-09-20 23:36:00.000 +0200,340.0,52.4221729,10.7993433,POINT (10.7993433 52.4221729)
K302Z1B,2016-09-20 23:39:00.000 +0200,440.0,52.4221729,10.7993433,POINT (10.7993433 52.4221729)
K302Z1B,2016-09-20 23:42:00.000 +0200,560.0,52.4221729,10.7993433,POINT (10.7993433 52.4221729)
K302Z1B,2016-09-20 23:45:00.000 +0200,580.0,52.4221729,10.7993433,POINT (10.7993433 52.4221729)
K302Z1B,2016-09-20 23:48:00.000 +0200,760.0,52.4221729,10.7993433,POINT (10.7993433 52.4221729)
K302Z1B,2016-09-20 23:51:00.000 +0200,880.0,52.4221729,10.7993433,POINT (10.7993433 52.4221729)
K302Z1B,2016-09-20 23:54:00.000 +0200,900.0,52.4221729,10.7993433,POINT (10.7993433 52.4221729)
K302Z1B,2016-09-20 23:57:00.000 +0200,880.0,52.4221729,10.7993433,POINT (10.7993433 52.4221729)
K302Z1B,2016-09-21 00:00:00.000 +0200,1040.0,52.4221729,10.7993433,POINT (10.7993433 52.4221729)
K302Z1B,2016-09-21 00:03:00.000 +0200,1300.0,52.4221729,10.7993433,POINT (10.7993433 52.4221729)
K302Z1B,2016-09-21 00:06:00.000 +0200,1560.0,52.4221729,10.7993433,POINT (10.7993433 52.4221729)
K302Z1B,2016-09-21 00:09:00.000 +0200,1520.0,52.4221729,10.7993433,POINT (10.7993433 52.4221729)
K302Z1B,2016-09-21 00:12:00.000 +0200,1460.0,52.4221729,10.7993433,POINT (10.7993433 52.4221729)
K302Z1B,2016-09-21 00:15:00.000 +0200,1200.0,52.4221729,10.7993433,POINT (10.7993433 52.4221729)
K302Z1B,2016-09-21 00:18:00.000 +0200,1600.0,52.4221729,10.7993433,POINT (10.7993433 52.4221729)
K302Z1B,2016-09-21 00:21:00.000 +0200,1480.0,52.4221729,10.7993433,POINT (10.7993433 52.4221729)
K302Z1B,2016-09-21 00:24:00.000 +0200,1480.0,52.4221729,10.7993433,POINT (10.7993433 52.4221729)
K302Z1B,2016-09-21 00:27:00.000 +0200,1180.0,52.4221729,10.7993433,POINT (10.7993433 52.4221729)
K302Z1B,2016-09-21 00:30:00.000 +0200,1320.0,52.4221729,10.7993433,POINT (10.7993433 52.4221729)
K302Z1B,2016-09-21 00:33:00.000 +0200,1500.0,52.4221729,10.7993433,POINT (10.7993433 52.4221729)
K302Z1B,2016-09-21 00:36:00.000 +0200,1340.0,52.4221729,10.7993433,POINT (10.7993433 52.4221729)
K302Z1B,2016-09-21 00:39:00.000 +0200,1380.0,52.4221729,10.7993433,POINT (10.7993433 52.4221729)
K302Z1B,2016-09-21 00:42:00.000 +0200,1240.0,52.4221729,10.7993433,POINT (10.7993433 52.4221729)
K302Z1B,2016-09-21 00:45:00.000 +0200,980.0,52.4221729,10.7993433,POINT (10.7993433 52.4221729)
K302Z1B,2016-09-21 00:48:00.000 +0200,1160.0,52.4221729,10.7993433,POINT (10.7993433 52.4221729)
K302Z1B,2016-09-21 00:51:00.000 +0200,1220.0,52.4221729,10.7993433,POINT (10.7993433 52.4221729)
K302Z1B,2016-09-21 00:54:00.000 +0200,880.0,52.4221729,10.7993433,POINT (10.7993433 52.4221729)
K302Z1B,2016-09-21 00:57:00.000 +0200,780.0,52.4221729,10.7993433,POINT (10.7993433 52.4221729)
K302Z1B,2016-09-21 01:00:00.000 +0200,740.0,52.4221729,10.7993433,POINT (10.7993433 52.4221729)
K302Z1B,2016-09-21 01:03:00.000 +0200,1080.0,52.4221729,10.7993433,POINT (10.7993433 52.4221729)
K302Z1B,2016-09-21 01:06:00.000 +0200,840.0,52.4221729,10.7993433,POINT (10.7993433 52.4221729)
K302Z1B,2016-09-21 01:09:00.000 +0200,1040.0,52.4221729,10.7993433,POINT (10.7993433 52.4221729)
K302Z1B,2016-09-21 01:12:00.000 +0200,820.0,52.4221729,10.7993433,POINT (10.7993433 52.4221729)
K302Z1B,2016-09-21 01:15:00.000 +0200,760.0,52.4221729,10.7993433,POINT (10.7993433 52.4221729)
K302Z1B,2016-09-21 01:18:00.000 +0200,700.0,52.4221729,10.7993433,POINT (10.7993433 52.4221729)
K302Z1B,2016-09-21 01:21:00.000 +0200,720.0,52.4221729,10.7993433,POINT (10.7993433 52.4221729)
K302Z1B,2016-09-21 01:24:00.000 +0200,360.0,52.4221729,10.7993433,POINT (10.7993433 52.4221729)
K302Z1B,2016-09-21 01:27:00.000 +0200,260.0,52.4221729,10.7993433,POINT (10.7993433 52.4221729)
K302Z1B,2016-09-21 01:30:00.000 +0200,120.0,52.4221729,10.7993433,POINT (10.7993433 52.4221729)
K302Z1B,2016-09-21 01:33:00.000 +0200,120.0,52.4221729,10.7993433,POINT (10.7993433 52.4221729)
K302Z1B,2016-09-21 01:36:00.000 +0200,160.0,52.4221729,10.7993433,POINT (10.7993433 52.4221729)
K302Z1B,2016-09-21 01:39:00.000 +0200,140.0,52.4221729,10.7993433,POINT (10.7993433 52.4221729)
K302Z1B,2016-09-21 01:42:00.000 +0200,100.0,52.4221729,10.7993433,POINT (10.7993433 52.4221729)
K302Z1B,2016-09-21 01:45:00.000 +0200,80.0,52.4221729,10.7993433,POINT (10.7993433 52.4221729)
K302Z1B,2016-09-21 01:48:00.000 +0200,60.0,52.4221729,10.7993433,POINT (10.7993433 52.4221729)
K302Z1B,2016-09-21 01:51:00.000 +0200,140.0,52.4221729,10.7993433,POINT (10.7993433 52.4221729)
K302Z1B,2016-09-21 01:54:00.000 +0200,60.0,52.4221729,10.7993433,POINT (10.7993433 52.4221729)
K302Z1B,2016-09-21 01:57:00.000 +0200,120.0,52.4221729,10.7993433,POINT (10.7993433 52.4221729)
K302Z1B,2016-09-21 02:00:00.000 +0200,0.0,52.4221729,10.7993433,POINT (10.7993433 52.4221729)
K302Z1B,2016-09-21 02:03:00.000 +0200,40.0,52.4221729,10.7993433,POINT (10.7993433 52.4221729)
K302Z1B,2016-09-21 02:06:00.000 +0200,100.0,52.4221729,10.7993433,POINT (10.7993433 52.4221729)
K302Z1B,2016-09-21 02:09:00.000 +0200,0.0,52.4221729,10.7993433,POINT (10.7993433 52.4221729)
K302Z1B,2016-09-21 02:12:00.000 +0200,100.0,52.4221729,10.7993433,POINT (10.7993433 52.4221729)
K302Z1B,2016-09-21 02:15:00.000 +0200,120.0,52.4221729,10.7993433,POINT (10.7993433 52.4221729)
K302Z1B,2016-09-21 02:18:00.000 +0200,40.0,52.4221729,10.7993433,POINT (10.7993433 52.4221729)
K302Z1B,2016-09-21 02:21:00.000 +0200,80.0,52.4221729,10.7993433,POINT (10.7993433 52.4221729)
K302Z1B,2016-09-21 02:24:00.000 +0200,80.0,52.4221729,10.7993433,POINT (10.7993433 52.4221729)
K302Z1B,2016-09-21 02:27:00.000 +0200,40.0,52.4221729,10.7993433,POINT (10.7993433 52.4221729)
K302Z1B,2016-09-21 02:30:00.000 +0200,20.0,52.4221729,10.7993433,POINT (10.7993433 52.4221729)
K302Z1B,2016-09-21 02:33:00.000 +0200,80.0,52.4221729,10.7993433,POINT (10.7993433 52.4221729)
K302Z1B,2016-09-21 02:36:00.000 +0200,60.0,52.4221729,10.7993433,POINT (10.7993433 52.4221729)
K302Z1B,2016-09-21 02:39:00.000 +0200,40.0,52.4221729,10.7993433,POINT (10.7993433 52.4221729)
K302Z1B,2016-09-21 02:42:00.000 +0200,40.0,52.4221729,10.7993433,POINT (10.7993433 52.4221729)
K302Z1B,2016-09-21 02:45:00.000 +0200,20.0,52.4221729,10.7993433,POINT (10.7993433 52.4221729)
K302Z1B,2016-09-21 02:48:00.000 +0200,40.0,52.4221729,10.7993433,POINT (10.7993433 52.4221729)
K302Z1B,2016-09-21 02:51:00.000 +0200,40.0,52.4221729,10.7993433,POINT (10.7993433 52.4221729)
K302Z1B,2016-09-21 02:54:00.000 +0200,80.0,52.4221729,10.7993433,POINT (10.7993433 52.4221729)
K302Z1B,2016-09-21 02:57:00.000 +0200,60.0,52.4221729,10.7993433,POINT (10.7993433 52.4221729)
K302Z1B,2016-09-21 03:00:00.000 +0200,40.0,52.4221729,10.7993433,POINT (10.7993433 52.4221729)
K302Z1B,2016-09-21 03:03:00.000 +0200,20.0,52.4221729,10.7993433,POINT (10.7993433 52.4221729)
K302Z1B,2016-09-21 03:06:00.000 +0200,20.0,52.4221729,10.7993433,POINT (10.7993433 52.4221729)
K302Z1B,2016-09-21 03:09:00.000 +0200,20.0,52.4221729,10.7993433,POINT (10.7993433 52.4221729)
K302Z1B,2016-09-21 03:12:00.000 +0200,0.0,52.4221729,10.7993433,POINT (10.7993433 52.4221729)
K302Z1B,2016-09-21 03:15:00.000 +0200,20.0,52.4221729,10.7993433,POINT (10.7993433 52.4221729)
K302Z1B,2016-09-21 03:18:00.000 +0200,20.0,52.4221729,10.7993433,POINT (10.7993433 52.4221729)
K302Z1B,2016-09-21 03:21:00.000 +0200,40.0,52.4221729,10.7993433,POINT (10.7993433 52.4221729)
K302Z1B,2016-09-21 03:24:00.000 +0200,0.0,52.4221729,10.7993433,POINT (10.7993433 52.4221729)
K302Z1B,2016-09-21 03:27:00.000 +0200,40.0,52.4221729,10.7993433,POINT (10.7993433 52.4221729)
K302Z1B,2016-09-21 03:30:00.000 +0200,0.0,52.4221729,10.7993433,POINT (10.7993433 52.4221729)
K302Z1B,2016-09-21 03:33:00.000 +0200,20.0,52.4221729,10.7993433,POINT (10.7993433 52.4221729)
K302Z1B,2016-09-21 03:36:00.000 +0200,40.0,52.4221729,10.7993433,POINT (10.7993433 52.4221729)
K302Z1B,2016-09-21 03:39:00.000 +0200,0.0,52.4221729,10.7993433,POINT (10.7993433 52.4221729)
K302Z1B,2016-09-21 03:42:00.000 +0200,40.0,52.4221729,10.7993433,POINT (10.7993433 52.4221729)
K302Z1B,2016-09-21 03:45:00.000 +0200,0.0,52.4221729,10.7993433,POINT (10.7993433 52.4221729)
K302Z1B,2016-09-21 03:48:00.000 +0200,40.0,52.4221729,10.7993433,POINT (10.7993433 52.4221729)
K302Z1B,2016-09-21 03:51:00.000 +0200,20.0,52.4221729,10.7993433,POINT (10.7993433 52.4221729)
K302Z1B,2016-09-21 03:54:00.000 +0200,0.0,52.4221729,10.7993433,POINT (10.7993433 52.4221729)
K302Z1B,2016-09-21 03:57:00.000 +0200,0.0,52.4221729,10.7993433,POINT (10.7993433 52.4221729)
K302Z1B,2016-09-21 04:00:00.000 +0200,0.0,52.4221729,10.7993433,POINT (10.7993433 52.4221729)
K302Z1B,2016-09-21 04:03:00.000 +0200,0.0,52.4221729,10.7993433,POINT (10.7993433 52.4221729)
K302Z1B,2016-09-21 04:06:00.000 +0200,0.0,52.4221729,10.7993433,POINT (10.7993433 52.4221729)
K302Z1B,2016-09-21 04:09:00.000 +0200,0.0,52.4221729,10.7993433,POINT (10.7993433 52.4221729)
K302Z1B,2016-09-21 04:12:00.000 +0200,20.0,52.4221729,10.7993433,POINT (10.7993433 52.4221729)
K302Z1B,2016-09-21 04:15:00.000 +0200,40.0,52.4221729,10.7993433,POINT (10.7993433 52.4221729)
K302Z1B,2016-09-21 04:18:00.000 +0200,0.0,52.4221729,10.7993433,POINT (10.7993433 52.4221729)
K302Z1B,2016-09-21 04:21:00.000 +0200,0.0,52.4221729,10.7993433,POINT (10.7993433 52.4221729)
K302Z1B,2016-09-21 04:24:00.000 +0200,20.0,52.4221729,10.7993433,POINT (10.7993433 52.4221729)
K302Z1B,2016-09-21 04:27:00.000 +0200,40.0,52.4221729,10.7993433,POINT (10.7993433 52.4221729)
K302Z1B,2016-09-21 04:30:00.000 +0200,20.0,52.4221729,10.7993433,POINT (10.7993433 52.4221729)
K302Z1B,2016-09-21 04:33:00.000 +0200,0.0,52.4221729,10.7993433,POINT (10.7993433 52.4221729)
K302Z1B,2016-09-21 04:36:00.000 +0200,20.0,52.4221729,10.7993433,POINT (10.7993433 52.4221729)
K302Z1B,2016-09-21 04:39:00.000 +0200,0.0,52.4221729,10.7993433,POINT (10.7993433 52.4221729)
K302Z1B,2016-09-21 04:42:00.000 +0200,0.0,52.4221729,10.7993433,POINT (10.7993433 52.4221729)
K302Z1B,2016-09-21 04:45:00.000 +0200,0.0,52.4221729,10.7993433,POINT (10.7993433 52.4221729)
K302Z1B,2016-09-21 04:48:00.000 +0200,0.0,52.4221729,10.7993433,POINT (10.7993433 52.4221729)
K302Z1B,2016-09-21 04:51:00.000 +0200,0.0,52.4221729,10.7993433,POINT (10.7993433 52.4221729)
K302Z1B,2016-09-21 04:54:00.000 +0200,0.0,52.4221729,10.7993433,POINT (10.7993433 52.4221729)
K302Z1B,2016-09-21 04:57:00.000 +0200,0.0,52.4221729,10.7993433,POINT (10.7993433 52.4221729)
K302Z1B,2016-09-21 05:00:00.000 +0200,20.0,52.4221729,10.7993433,POINT (10.7993433 52.4221729)
K302Z1B,2016-09-21 05:03:00.000 +0200,0.0,52.4221729,10.7993433,POINT (10.7993433 52.4221729)
K302Z1B,2016-09-21 05:06:00.000 +0200,0.0,52.4221729,10.7993433,POINT (10.7993433 52.4221729)
K302Z1B,2016-09-21 05:09:00.000 +0200,0.0,52.4221729,10.7993433,POINT (10.7993433 52.4221729)
K302Z1B,2016-09-21 05:12:00.000 +0200,20.0,52.4221729,10.7993433,POINT (10.7993433 52.4221729)
K302Z1B,2016-09-21 05:15:00.000 +0200,0.0,52.4221729,10.7993433,POINT (10.7993433 52.4221729)
K302Z1B,2016-09-21 05:18:00.000 +0200,0.0,52.4221729,10.7993433,POINT (10.7993433 52.4221729)
K302Z1B,2016-09-21 05:21:00.000 +0200,20.0,52.4221729,10.7993433,POINT (10.7993433 52.4221729)
K302Z1B,2016-09-21 05:24:00.000 +0200,0.0,52.4221729,10.7993433,POINT (10.7993433 52.4221729)
K302Z1B,2016-09-21 05:27:00.000 +0200,20.0,52.4221729,10.7993433,POINT (10.7993433 52.4221729)
K302Z1B,2016-09-21 05:30:00.000 +0200,0.0,52.4221729,10.7993433,POINT (10.7993433 52.4221729)
K302Z1B,2016-09-21 05:33:00.000 +0200,20.0,52.4221729,10.7993433,POINT (10.7993433 52.4221729)
K302Z1B,2016-09-21 05:36:00.000 +0200,0.0,52.4221729,10.7993433,POINT (10.7993433 52.4221729)
K302Z1B,2016-09-21 05:39:00.000 +0200,0.0,52.4221729,10.7993433,POINT (10.7993433 52.4221729)
K302Z1B,2016-09-21 05:42:00.000 +0200,0.0,52.4221729,10.7993433,POINT (10.7993433 52.4221729)
K302Z1B,2016-09-21 05:45:00.000 +0200,20.0,52.4221729,10.7993433,POINT (10.7993433 52.4221729)
K302Z1B,2016-09-21 05:48:00.000 +0200,0.0,52.4221729,10.7993433,POINT (10.7993433 52.4221729)
K302Z1B,2016-09-21 05:51:00.000 +0200,0.0,52.4221729,10.7993433,POINT (10.7993433 52.4221729)
K302Z1B,2016-09-21 05:54:00.000 +0200,20.0,52.4221729,10.7993433,POINT (10.7993433 52.4221729)
K302Z1B,2016-09-21 05:57:00.000 +0200,0.0,52.4221729,10.7993433,POINT (10.7993433 52.4221729)
K302Z1B,2016-09-21 06:00:00.000 +0200,0.0,52.4221729,10.7993433,POINT (10.7993433 52.4221729)
K302Z1B,2016-09-21 06:03:00.000 +0200,0.0,52.4221729,10.7993433,POINT (10.7993433 52.4221729)
K302Z1B,2016-09-21 06:06:00.000 +0200,0.0,52.4221729,10.7993433,POINT (10.7993433 52.4221729)
K302Z1B,2016-09-21 06:09:00.000 +0200,0.0,52.4221729,10.7993433,POINT (10.7993433 52.4221729)
K302Z1B,2016-09-21 06:12:00.000 +0200,0.0,52.4221729,10.7993433,POINT (10.7993433 52.4221729)
K302Z1B,2016-09-21 06:15:00.000 +0200,0.0,52.4221729,10.7993433,POINT (10.7993433 52.4221729)
K302Z1B,2016-09-21 06:18:00.000 +0200,20.0,52.4221729,10.7993433,POINT (10.7993433 52.4221729)
K302Z1B,2016-09-21 06:21:00.000 +0200,0.0,52.4221729,10.7993433,POINT (10.7993433 52.4221729)
K302Z1B,2016-09-21 06:24:00.000 +0200,0.0,52.4221729,10.7993433,POINT (10.7993433 52.4221729)
K302Z1B,2016-09-21 06:27:00.000 +0200,20.0,52.4221729,10.7993433,POINT (10.7993433 52.4221729)
K302Z1B,2016-09-21 06:30:00.000 +0200,0.0,52.4221729,10.7993433,POINT (10.7993433 52.4221729)
K302Z1B,2016-09-21 06:33:00.000 +0200,20.0,52.4221729,10.7993433,POINT (10.7993433 52.4221729)
K302Z1B,2016-09-21 06:36:00.000 +0200,80.0,52.4221729,10.7993433,POINT (10.7993433 52.4221729)
K302Z1B,2016-09-21 06:39:00.000 +0200,20.0,52.4221729,10.7993433,POINT (10.7993433 52.4221729)
K302Z1B,2016-09-21 06:42:00.000 +0200,0.0,52.4221729,10.7993433,POINT (10.7993433 52.4221729)
K302Z1B,2016-09-21 06:45:00.000 +0200,0.0,52.4221729,10.7993433,POINT (10.7993433 52.4221729)
K302Z1B,2016-09-21 06:48:00.000 +0200,40.0,52.4221729,10.7993433,POINT (10.7993433 52.4221729)
K302Z1B,2016-09-21 06:51:00.000 +0200,0.0,52.4221729,10.7993433,POINT (10.7993433 52.4221729)
K302Z1B,2016-09-21 06:54:00.000 +0200,20.0,52.4221729,10.7993433,POINT (10.7993433 52.4221729)
K302Z1B,2016-09-21 06:57:00.000 +0200,0.0,52.4221729,10.7993433,POINT (10.7993433 52.4221729)
K302Z1B,2016-09-21 07:00:00.000 +0200,60.0,52.4221729,10.7993433,POINT (10.7993433 52.4221729)
K302Z1B,2016-09-21 07:03:00.000 +0200,80.0,52.4221729,10.7993433,POINT (10.7993433 52.4221729)
K302Z1B,2016-09-21 07:06:00.000 +0200,20.0,52.4221729,10.7993433,POINT (10.7993433 52.4221729)
K302Z1B,2016-09-21 07:09:00.000 +0200,100.0,52.4221729,10.7993433,POINT (10.7993433 52.4221729)
K302Z1B,2016-09-21 07:12:00.000 +0200,80.0,52.4221729,10.7993433,POINT (10.7993433 52.4221729)
K302Z1B,2016-09-21 07:15:00.000 +0200,200.0,52.4221729,10.7993433,POINT (10.7993433 52.4221729)
K302Z1B,2016-09-21 07:18:00.000 +0200,160.0,52.4221729,10.7993433,POINT (10.7993433 52.4221729)
K302Z1B,2016-09-21 07:21:00.000 +0200,80.0,52.4221729,10.7993433,POINT (10.7993433 52.4221729)
K302Z1B,2016-09-21 07:24:00.000 +0200,120.0,52.4221729,10.7993433,POINT (10.7993433 52.4221729)
K302Z1B,2016-09-21 07:27:00.000 +0200,100.0,52.4221729,10.7993433,POINT (10.7993433 52.4221729)
K302Z1B,2016-09-21 07:30:00.000 +0200,100.0,52.4221729,10.7993433,POINT (10.7993433 52.4221729)
K302Z1B,2016-09-21 07:33:00.000 +0200,180.0,52.4221729,10.7993433,POINT (10.7993433 52.4221729)
K302Z1B,2016-09-21 07:36:00.000 +0200,140.0,52.4221729,10.7993433,POINT (10.7993433 52.4221729)
K302Z1B,2016-09-21 07:39:00.000 +0200,240.0,52.4221729,10.7993433,POINT (10.7993433 52.4221729)
K302Z1B,2016-09-21 07:42:00.000 +0200,160.0,52.4221729,10.7993433,POINT (10.7993433 52.4221729)
K302Z1B,2016-09-21 07:45:00.000 +0200,500.0,52.4221729,10.7993433,POINT (10.7993433 52.4221729)
K302Z1B,2016-09-21 07:48:00.000 +0200,680.0,52.4221729,10.7993433,POINT (10.7993433 52.4221729)
K302Z1B,2016-09-21 07:51:00.000 +0200,720.0,52.4221729,10.7993433,POINT (10.7993433 52.4221729)
K302Z1B,2016-09-21 07:54:00.000 +0200,800.0,52.4221729,10.7993433,POINT (10.7993433 52.4221729)
K302Z1B,2016-09-21 07:57:00.000 +0200,860.0,52.4221729,10.7993433,POINT (10.7993433 52.4221729)
K302Z1B,2016-09-21 08:00:00.000 +0200,1140.0,52.4221729,10.7993433,POINT (10.7993433 52.4221729)
K302Z1B,2016-09-21 08:03:00.000 +0200,1180.0,52.4221729,10.7993433,POINT (10.7993433 52.4221729)
K302Z1B,2016-09-21 08:06:00.000 +0200,860.0,52.4221729,10.7993433,POINT (10.7993433 52.4221729)
K302Z1B,2016-09-21 08:09:00.000 +0200,660.0,52.4221729,10.7993433,POINT (10.7993433 52.4221729)
K302Z1B,2016-09-21 08:12:00.000 +0200,420.0,52.4221729,10.7993433,POINT (10.7993433 52.4221729)
K302Z1B,2016-09-21 08:15:00.000 +0200,520.0,52.4221729,10.7993433,POINT (10.7993433 52.4221729)
K302Z1B,2016-09-21 08:18:00.000 +0200,660.0,52.4221729,10.7993433,POINT (10.7993433 52.4221729)
K302Z1B,2016-09-21 08:21:00.000 +0200,520.0,52.4221729,10.7993433,POINT (10.7993433 52.4221729)
K302Z1B,2016-09-21 08:24:00.000 +0200,440.0,52.4221729,10.7993433,POINT (10.7993433 52.4221729)
K302Z1B,2016-09-21 08:27:00.000 +0200,500.0,52.4221729,10.7993433,POINT (10.7993433 52.4221729)
K302Z1B,2016-09-21 08:30:00.000 +0200,640.0,52.4221729,10.7993433,POINT (10.7993433 52.4221729)
K302Z1B,2016-09-21 08:33:00.000 +0200,700.0,52.4221729,10.7993433,POINT (10.7993433 52.4221729)
K302Z1B,2016-09-21 08:36:00.000 +0200,520.0,52.4221729,10.7993433,POINT (10.7993433 52.4221729)
K302Z1B,2016-09-21 08:39:00.000 +0200,780.0,52.4221729,10.7993433,POINT (10.7993433 52.4221729)
K302Z1B,2016-09-21 08:42:00.000 +0200,660.0,52.4221729,10.7993433,POINT (10.7993433 52.4221729)
K302Z1B,2016-09-21 08:45:00.000 +0200,760.0,52.4221729,10.7993433,POINT (10.7993433 52.4221729)
K302Z1B,2016-09-21 08:48:00.000 +0200,840.0,52.4221729,10.7993433,POINT (10.7993433 52.4221729)
K302Z1B,2016-09-21 08:51:00.000 +0200,760.0,52.4221729,10.7993433,POINT (10.7993433 52.4221729)
K302Z1B,2016-09-21 08:54:00.000 +0200,680.0,52.4221729,10.7993433,POINT (10.7993433 52.4221729)
K302Z1B,2016-09-21 08:57:00.000 +0200,660.0,52.4221729,10.7993433,POINT (10.7993433 52.4221729)
K302Z1B,2016-09-21 09:00:00.000 +0200,580.0,52.4221729,10.7993433,POINT (10.7993433 52.4221729)
K302Z1B,2016-09-21 09:03:00.000 +0200,600.0,52.4221729,10.7993433,POINT (10.7993433 52.4221729)
K302Z1B,2016-09-21 09:06:00.000 +0200,740.0,52.4221729,10.7993433,POINT (10.7993433 52.4221729)
K302Z1B,2016-09-21 09:09:00.000 +0200,740.0,52.4221729,10.7993433,POINT (10.7993433 52.4221729)
K302Z1B,2016-09-21 09:12:00.000 +0200,620.0,52.4221729,10.7993433,POINT (10.7993433 52.4221729)
K302Z1B,2016-09-21 09:15:00.000 +0200,840.0,52.4221729,10.7993433,POINT (10.7993433 52.4221729)
K302Z1B,2016-09-21 09:18:00.000 +0200,760.0,52.4221729,10.7993433,POINT (10.7993433 52.4221729)
K302Z1B,2016-09-21 09:21:00.000 +0200,660.0,52.4221729,10.7993433,POINT (10.7993433 52.4221729)
K302Z1B,2016-09-21 09:24:00.000 +0200,780.0,52.4221729,10.7993433,POINT (10.7993433 52.4221729)
K302Z1B,2016-09-21 09:27:00.000 +0200,600.0,52.4221729,10.7993433,POINT (10.7993433 52.4221729)
K302Z1B,2016-09-21 09:30:00.000 +0200,1020.0,52.4221729,10.7993433,POINT (10.7993433 52.4221729)
K302Z1B,2016-09-21 09:33:00.000 +0200,780.0,52.4221729,10.7993433,POINT (10.7993433 52.4221729)
K302Z1B,2016-09-21 09:36:00.000 +0200,960.0,52.4221729,10.7993433,POINT (10.7993433 52.4221729)
K302Z1B,2016-09-21 09:39:00.000 +0200,860.0,52.4221729,10.7993433,POINT (10.7993433 52.4221729)
K302Z1B,2016-09-21 09:42:00.000 +0200,780.0,52.4221729,10.7993433,POINT (10.7993433 52.4221729)
K302Z1B,2016-09-21 09:45:00.000 +0200,900.0,52.4221729,10.7993433,POINT (10.7993433 52.4221729)
K302Z1B,2016-09-21 09:48:00.000 +0200,880.0,52.4221729,10.7993433,POINT (10.7993433 52.4221729)
K302Z1B,2016-09-21 09:51:00.000 +0200,620.0,52.4221729,10.7993433,POINT (10.7993433 52.4221729)
K302Z1B,2016-09-21 09:54:00.000 +0200,880.0,52.4221729,10.7993433,POINT (10.7993433 52.4221729)
K302Z1B,2016-09-21 09:57:00.000 +0200,640.0,52.4221729,10.7993433,POINT (10.7993433 52.4221729)
K302Z1B,2016-09-21 10:00:00.000 +0200,760.0,52.4221729,10.7993433,POINT (10.7993433 52.4221729)
K302Z1B,2016-09-21 10:03:00.000 +0200,500.0,52.4221729,10.7993433,POINT (10.7993433 52.4221729)
K302Z1B,2016-09-21 10:06:00.000 +0200,820.0,52.4221729,10.7993433,POINT (10.7993433 52.4221729)
K302Z1B,2016-09-21 10:09:00.000 +0200,620.0,52.4221729,10.7993433,POINT (10.7993433 52.4221729)
K302Z1B,2016-09-21 10:12:00.000 +0200,660.0,52.4221729,10.7993433,POINT (10.7993433 52.4221729)
K302Z1B,2016-09-21 10:15:00.000 +0200,600.0,52.4221729,10.7993433,POINT (10.7993433 52.4221729)
K302Z1B,2016-09-21 10:18:00.000 +0200,540.0,52.4221729,10.7993433,POINT (10.7993433 52.4221729)
K302Z1B,2016-09-21 10:21:00.000 +0200,780.0,52.4221729,10.7993433,POINT (10.7993433 52.4221729)
K302Z1B,2016-09-21 10:24:00.000 +0200,460.0,52.4221729,10.7993433,POINT (10.7993433 52.4221729)
K302Z1B,2016-09-21 10:27:00.000 +0200,540.0,52.4221729,10.7993433,POINT (10.7993433 52.4221729)
K302Z1B,2016-09-21 10:30:00.000 +0200,660.0,52.4221729,10.7993433,POINT (10.7993433 52.4221729)
K302Z1B,2016-09-21 10:33:00.000 +0200,720.0,52.4221729,10.7993433,POINT (10.7993433 52.4221729)
K302Z1B,2016-09-21 10:36:00.000 +0200,700.0,52.4221729,10.7993433,POINT (10.7993433 52.4221729)
K302Z1B,2016-09-21 10:39:00.000 +0200,560.0,52.4221729,10.7993433,POINT (10.7993433 52.4221729)
K302Z1B,2016-09-21 10:42:00.000 +0200,380.0,52.4221729,10.7993433,POINT (10.7993433 52.4221729)
K302Z1B,2016-09-21 10:45:00.000 +0200,700.0,52.4221729,10.7993433,POINT (10.7993433 52.4221729)
K302Z1B,2016-09-21 10:48:00.000 +0200,620.0,52.4221729,10.7993433,POINT (10.7993433 52.4221729)
K302Z1B,2016-09-21 10:51:00.000 +0200,560.0,52.4221729,10.7993433,POINT (10.7993433 52.4221729)
K302Z1B,2016-09-21 10:54:00.000 +0200,420.0,52.4221729,10.7993433,POINT (10.7993433 52.4221729)
K302Z1B,2016-09-21 10:57:00.000 +0200,620.0,52.4221729,10.7993433,POINT (10.7993433 52.4221729)
K302Z1B,2016-09-21 11:00:00.000 +0200,540.0,52.4221729,10.7993433,POINT (10.7993433 52.4221729)
K302Z1B,2016-09-21 11:03:00.000 +0200,540.0,52.4221729,10.7993433,POINT (10.7993433 52.4221729)
K302Z1B,2016-09-21 11:06:00.000 +0200,280.0,52.4221729,10.7993433,POINT (10.7993433 52.4221729)
K302Z1B,2016-09-21 11:09:00.000 +0200,420.0,52.4221729,10.7993433,POINT (10.7993433 52.4221729)
K302Z1B,2016-09-21 11:12:00.000 +0200,460.0,52.4221729,10.7993433,POINT (10.7993433 52.4221729)
K302Z1B,2016-09-21 11:15:00.000 +0200,520.0,52.4221729,10.7993433,POINT (10.7993433 52.4221729)
K302Z1B,2016-09-21 11:18:00.000 +0200,460.0,52.4221729,10.7993433,POINT (10.7993433 52.4221729)
K302Z1B,2016-09-21 11:21:00.000 +0200,580.0,52.4221729,10.7993433,POINT (10.7993433 52.4221729)
K302Z1B,2016-09-21 11:24:00.000 +0200,520.0,52.4221729,10.7993433,POINT (10.7993433 52.4221729)
K302Z1B,2016-09-21 11:27:00.000 +0200,580.0,52.4221729,10.7993433,POINT (10.7993433 52.4221729)
K302Z1B,2016-09-21 11:30:00.000 +0200,340.0,52.4221729,10.7993433,POINT (10.7993433 52.4221729)
K302Z1B,2016-09-21 11:33:00.000 +0200,500.0,52.4221729,10.7993433,POINT (10.7993433 52.4221729)
K302Z1B,2016-09-21 11:36:00.000 +0200,420.0,52.4221729,10.7993433,POINT (10.7993433 52.4221729)
K302Z1B,2016-09-21 11:39:00.000 +0200,560.0,52.4221729,10.7993433,POINT (10.7993433 52.4221729)
K302Z1B,2016-09-21 11:42:00.000 +0200,480.0,52.4221729,10.7993433,POINT (10.7993433 52.4221729)
K302Z1B,2016-09-21 11:45:00.000 +0200,640.0,52.4221729,10.7993433,POINT (10.7993433 52.4221729)
K302Z1B,2016-09-21 11:48:00.000 +0200,560.0,52.4221729,10.7993433,POINT (10.7993433 52.4221729)
K302Z1B,2016-09-21 11:51:00.000 +0200,360.0,52.4221729,10.7993433,POINT (10.7993433 52.4221729)
K302Z1B,2016-09-21 11:54:00.000 +0200,500.0,52.4221729,10.7993433,POINT (10.7993433 52.4221729)
K302Z1B,2016-09-21 11:57:00.000 +0200,500.0,52.4221729,10.7993433,POINT (10.7993433 52.4221729)
K302Z1B,2016-09-21 12:00:00.000 +0200,460.0,52.4221729,10.7993433,POINT (10.7993433 52.4221729)
K302Z1B,2016-09-21 12:03:00.000 +0200,280.0,52.4221729,10.7993433,POINT (10.7993433 52.4221729)
K302Z1B,2016-09-21 12:06:00.000 +0200,480.0,52.4221729,10.7993433,POINT (10.7993433 52.4221729)
K302Z1B,2016-09-21 12:09:00.000 +0200,420.0,52.4221729,10.7993433,POINT (10.7993433 52.4221729)
K302Z1B,2016-09-21 12:12:00.000 +0200,380.0,52.4221729,10.7993433,POINT (10.7993433 52.4221729)
K302Z1B,2016-09-21 12:15:00.000 +0200,380.0,52.4221729,10.7993433,POINT (10.7993433 52.4221729)
K302Z1B,2016-09-21 12:18:00.000 +0200,420.0,52.4221729,10.7993433,POINT (10.7993433 52.4221729)
K302Z1B,2016-09-21 12:21:00.000 +0200,420.0,52.4221729,10.7993433,POINT (10.7993433 52.4221729)
K302Z1B,2016-09-21 12:24:00.000 +0200,180.0,52.4221729,10.7993433,POINT (10.7993433 52.4221729)
K302Z1B,2016-09-21 12:27:00.000 +0200,240.0,52.4221729,10.7993433,POINT (10.7993433 52.4221729)
K302Z1B,2016-09-21 12:30:00.000 +0200,300.0,52.4221729,10.7993433,POINT (10.7993433 52.4221729)
K302Z1B,2016-09-21 12:33:00.000 +0200,580.0,52.4221729,10.7993433,POINT (10.7993433 52.4221729)
K302Z1B,2016-09-21 12:36:00.000 +0200,240.0,52.4221729,10.7993433,POINT (10.7993433 52.4221729)
K302Z1B,2016-09-21 12:39:00.000 +0200,680.0,52.4221729,10.7993433,POINT (10.7993433 52.4221729)
K302Z1B,2016-09-21 12:42:00.000 +0200,620.0,52.4221729,10.7993433,POINT (10.7993433 52.4221729)
K302Z1B,2016-09-21 12:45:00.000 +0200,460.0,52.4221729,10.7993433,POINT (10.7993433 52.4221729)
K302Z1B,2016-09-21 12:48:00.000 +0200,560.0,52.4221729,10.7993433,POINT (10.7993433 52.4221729)
K302Z1B,2016-09-21 12:51:00.000 +0200,400.0,52.4221729,10.7993433,POINT (10.7993433 52.4221729)
K302Z1B,2016-09-21 12:54:00.000 +0200,360.0,52.4221729,10.7993433,POINT (10.7993433 52.4221729)
K302Z1B,2016-09-21 12:57:00.000 +0200,460.0,52.4221729,10.7993433,POINT (10.7993433 52.4221729)
K302Z1B,2016-09-21 13:00:00.000 +0200,380.0,52.4221729,10.7993433,POINT (10.7993433 52.4221729)
K302Z1B,2016-09-21 13:03:00.000 +0200,420.0,52.4221729,10.7993433,POINT (10.7993433 52.4221729)
K302Z1B,2016-09-21 13:06:00.000 +0200,500.0,52.4221729,10.7993433,POINT (10.7993433 52.4221729)
K302Z1B,2016-09-21 13:09:00.000 +0200,480.0,52.4221729,10.7993433,POINT (10.7993433 52.4221729)
K302Z1B,2016-09-21 13:12:00.000 +0200,480.0,52.4221729,10.7993433,POINT (10.7993433 52.4221729)
K302Z1B,2016-09-21 13:15:00.000 +0200,680.0,52.4221729,10.7993433,POINT (10.7993433 52.4221729)
K302Z1B,2016-09-21 13:18:00.000 +0200,380.0,52.4221729,10.7993433,POINT (10.7993433 52.4221729)
K302Z1B,2016-09-21 13:21:00.000 +0200,460.0,52.4221729,10.7993433,POINT (10.7993433 52.4221729)
K302Z1B,2016-09-21 13:24:00.000 +0200,420.0,52.4221729,10.7993433,POINT (10.7993433 52.4221729)
K302Z1B,2016-09-21 13:27:00.000 +0200,520.0,52.4221729,10.7993433,POINT (10.7993433 52.4221729)
K302Z1B,2016-09-21 13:30:00.000 +0200,480.0,52.4221729,10.7993433,POINT (10.7993433 52.4221729)
K302Z1B,2016-09-21 13:33:00.000 +0200,380.0,52.4221729,10.7993433,POINT (10.7993433 52.4221729)
K302Z1B,2016-09-21 13:36:00.000 +0200,520.0,52.4221729,10.7993433,POINT (10.7993433 52.4221729)
K302Z1B,2016-09-21 13:39:00.000 +0200,440.0,52.4221729,10.7993433,POINT (10.7993433 52.4221729)
K302Z1B,2016-09-21 13:42:00.000 +0200,380.0,52.4221729,10.7993433,POINT (10.7993433 52.4221729)
K302Z1B,2016-09-21 13:45:00.000 +0200,720.0,52.4221729,10.7993433,POINT (10.7993433 52.4221729)
K302Z1B,2016-09-21 13:48:00.000 +0200,600.0,52.4221729,10.7993433,POINT (10.7993433 52.4221729)
K302Z1B,2016-09-21 13:51:00.000 +0200,580.0,52.4221729,10.7993433,POINT (10.7993433 52.4221729)
K302Z1B,2016-09-21 13:54:00.000 +0200,500.0,52.4221729,10.7993433,POINT (10.7993433 52.4221729)
K302Z1B,2016-09-21 13:57:00.000 +0200,280.0,52.4221729,10.7993433,POINT (10.7993433 52.4221729)
K302Z1B,2016-09-21 14:00:00.000 +0200,500.0,52.4221729,10.7993433,POINT (10.7993433 52.4221729)
K302Z1B,2016-09-21 14:03:00.000 +0200,460.0,52.4221729,10.7993433,POINT (10.7993433 52.4221729)
K302Z1B,2016-09-21 14:06:00.000 +0200,580.0,52.4221729,10.7993433,POINT (10.7993433 52.4221729)
K302Z1B,2016-09-21 14:09:00.000 +0200,700.0,52.4221729,10.7993433,POINT (10.7993433 52.4221729)
K302Z1B,2016-09-21 14:12:00.000 +0200,740.0,52.4221729,10.7993433,POINT (10.7993433 52.4221729)
K302Z1B,2016-09-21 14:15:00.000 +0200,560.0,52.4221729,10.7993433,POINT (10.7993433 52.4221729)
K302Z1B,2016-09-21 14:18:00.000 +0200,380.0,52.4221729,10.7993433,POINT (10.7993433 52.4221729)
K302Z1B,2016-09-21 14:21:00.000 +0200,600.0,52.4221729,10.7993433,POINT (10.7993433 52.4221729)
K302Z1B,2016-09-21 14:24:00.000 +0200,500.0,52.4221729,10.7993433,POINT (10.7993433 52.4221729)
K302Z1B,2016-09-21 14:27:00.000 +0200,540.0,52.4221729,10.7993433,POINT (10.7993433 52.4221729)
K302Z1B,2016-09-21 14:30:00.000 +0200,400.0,52.4221729,10.7993433,POINT (10.7993433 52.4221729)
K302Z1B,2016-09-21 14:33:00.000 +0200,740.0,52.4221729,10.7993433,POINT (10.7993433 52.4221729)
K302Z1B,2016-09-21 14:36:00.000 +0200,620.0,52.4221729,10.7993433,POINT (10.7993433 52.4221729)
K302Z1B,2016-09-21 14:39:00.000 +0200,660.0,52.4221729,10.7993433,POINT (10.7993433 52.4221729)
K302Z1B,2016-09-21 14:42:00.000 +0200,400.0,52.4221729,10.7993433,POINT (10.7993433 52.4221729)
K302Z1B,2016-09-21 14:45:00.000 +0200,620.0,52.4221729,10.7993433,POINT (10.7993433 52.4221729)
K302Z1B,2016-09-21 14:48:00.000 +0200,600.0,52.4221729,10.7993433,POINT (10.7993433 52.4221729)
K302Z1B,2016-09-21 14:51:00.000 +0200,580.0,52.4221729,10.7993433,POINT (10.7993433 52.4221729)
K302Z1B,2016-09-21 14:54:00.000 +0200,540.0,52.4221729,10.7993433,POINT (10.7993433 52.4221729)
K302Z1B,2016-09-21 14:57:00.000 +0200,820.0,52.4221729,10.7993433,POINT (10.7993433 52.4221729)
K302Z1B,2016-09-21 15:00:00.000 +0200,660.0,52.4221729,10.7993433,POINT (10.7993433 52.4221729)
K302Z1B,2016-09-21 15:03:00.000 +0200,500.0,52.4221729,10.7993433,POINT (10.7993433 52.4221729)
K302Z1B,2016-09-21 15:06:00.000 +0200,760.0,52.4221729,10.7993433,POINT (10.7993433 52.4221729)
K302Z1B,2016-09-21 15:09:00.000 +0200,700.0,52.4221729,10.7993433,POINT (10.7993433 52.4221729)
K302Z1B,2016-09-21 15:12:00.000 +0200,600.0,52.4221729,10.7993433,POINT (10.7993433 52.4221729)
K302Z1B,2016-09-21 15:15:00.000 +0200,700.0,52.4221729,10.7993433,POINT (10.7993433 52.4221729)
K302Z1B,2016-09-21 15:18:00.000 +0200,480.0,52.4221729,10.7993433,POINT (10.7993433 52.4221729)
K302Z1B,2016-09-21 15:21:00.000 +0200,620.0,52.4221729,10.7993433,POINT (10.7993433 52.4221729)
K302Z1B,2016-09-21 15:24:00.000 +0200,940.0,52.4221729,10.7993433,POINT (10.7993433 52.4221729)
K302Z1B,2016-09-21 15:27:00.000 +0200,640.0,52.4221729,10.7993433,POINT (10.7993433 52.4221729)
K302Z1B,2016-09-21 15:30:00.000 +0200,740.0,52.4221729,10.7993433,POINT (10.7993433 52.4221729)
K302Z1B,2016-09-21 15:33:00.000 +0200,720.0,52.4221729,10.7993433,POINT (10.7993433 52.4221729)
K302Z1B,2016-09-21 15:36:00.000 +0200,740.0,52.4221729,10.7993433,POINT (10.7993433 52.4221729)
K302Z1B,2016-09-21 15:39:00.000 +0200,640.0,52.4221729,10.7993433,POINT (10.7993433 52.4221729)
K302Z1B,2016-09-21 15:42:00.000 +0200,540.0,52.4221729,10.7993433,POINT (10.7993433 52.4221729)
K302Z1B,2016-09-21 15:45:00.000 +0200,1060.0,52.4221729,10.7993433,POINT (10.7993433 52.4221729)
K302Z1B,2016-09-21 15:48:00.000 +0200,800.0,52.4221729,10.7993433,POINT (10.7993433 52.4221729)
K302Z1B,2016-09-21 15:51:00.000 +0200,600.0,52.4221729,10.7993433,POINT (10.7993433 52.4221729)
K302Z1B,2016-09-21 15:54:00.000 +0200,720.0,52.4221729,10.7993433,POINT (10.7993433 52.4221729)
K302Z1B,2016-09-21 15:57:00.000 +0200,860.0,52.4221729,10.7993433,POINT (10.7993433 52.4221729)
K302Z1B,2016-09-21 16:00:00.000 +0200,720.0,52.4221729,10.7993433,POINT (10.7993433 52.4221729)
K302Z1B,2016-09-21 16:03:00.000 +0200,740.0,52.4221729,10.7993433,POINT (10.7993433 52.4221729)
K302Z1B,2016-09-21 16:06:00.000 +0200,980.0,52.4221729,10.7993433,POINT (10.7993433 52.4221729)
K302Z1B,2016-09-21 16:09:00.000 +0200,920.0,52.4221729,10.7993433,POINT (10.7993433 52.4221729)
K302Z1B,2016-09-21 16:12:00.000 +0200,980.0,52.4221729,10.7993433,POINT (10.7993433 52.4221729)
K302Z1B,2016-09-21 16:15:00.000 +0200,1180.0,52.4221729,10.7993433,POINT (10.7993433 52.4221729)
K302Z1B,2016-09-21 16:18:00.000 +0200,1160.0,52.4221729,10.7993433,POINT (10.7993433 52.4221729)
K302Z1B,2016-09-21 16:21:00.000 +0200,1360.0,52.4221729,10.7993433,POINT (10.7993433 52.4221729)
K302Z1B,2016-09-21 16:24:00.000 +0200,1180.0,52.4221729,10.7993433,POINT (10.7993433 52.4221729)
K302Z1B,2016-09-21 16:27:00.000 +0200,1000.0,52.4221729,10.7993433,POINT (10.7993433 52.4221729)
K302Z1B,2016-09-21 16:30:00.000 +0200,1080.0,52.4221729,10.7993433,POINT (10.7993433 52.4221729)
K302Z1B,2016-09-21 16:33:00.000 +0200,1320.0,52.4221729,10.7993433,POINT (10.7993433 52.4221729)
K302Z1B,2016-09-21 16:36:00.000 +0200,1420.0,52.4221729,10.7993433,POINT (10.7993433 52.4221729)
K302Z1B,2016-09-21 16:39:00.000 +0200,1180.0,52.4221729,10.7993433,POINT (10.7993433 52.4221729)
K302Z1B,2016-09-21 16:42:00.000 +0200,1180.0,52.4221729,10.7993433,POINT (10.7993433 52.4221729)
K302Z1B,2016-09-21 16:45:00.000 +0200,1060.0,52.4221729,10.7993433,POINT (10.7993433 52.4221729)
K302Z1B,2016-09-21 16:48:00.000 +0200,1340.0,52.4221729,10.7993433,POINT (10.7993433 52.4221729)
K302Z1B,2016-09-21 16:51:00.000 +0200,1200.0,52.4221729,10.7993433,POINT (10.7993433 52.4221729)
K302Z1B,2016-09-21 16:54:00.000 +0200,1300.0,52.4221729,10.7993433,POINT (10.7993433 52.4221729)
K302Z1B,2016-09-21 16:57:00.000 +0200,1100.0,52.4221729,10.7993433,POINT (10.7993433 52.4221729)
K302Z1B,2016-09-21 17:00:00.000 +0200,920.0,52.4221729,10.7993433,POINT (10.7993433 52.4221729)
K302Z1B,2016-09-21 17:03:00.000 +0200,1120.0,52.4221729,10.7993433,POINT (10.7993433 52.4221729)
K302Z1B,2016-09-21 17:06:00.000 +0200,1380.0,52.4221729,10.7993433,POINT (10.7993433 52.4221729)
K302Z1B,2016-09-21 17:09:00.000 +0200,1240.0,52.4221729,10.7993433,POINT (10.7993433 52.4221729)
K302Z1B,2016-09-21 17:12:00.000 +0200,1040.0,52.4221729,10.7993433,POINT (10.7993433 52.4221729)
K302Z1B,2016-09-21 17:15:00.000 +0200,1020.0,52.4221729,10.7993433,POINT (10.7993433 52.4221729)
K302Z1B,2016-09-21 17:18:00.000 +0200,1480.0,52.4221729,10.7993433,POINT (10.7993433 52.4221729)
K302Z1B,2016-09-21 17:21:00.000 +0200,1320.0,52.4221729,10.7993433,POINT (10.7993433 52.4221729)
K302Z1B,2016-09-21 17:24:00.000 +0200,1200.0,52.4221729,10.7993433,POINT (10.7993433 52.4221729)
K302Z1B,2016-09-21 17:27:00.000 +0200,940.0,52.4221729,10.7993433,POINT (10.7993433 52.4221729)
K302Z1B,2016-09-21 17:30:00.000 +0200,840.0,52.4221729,10.7993433,POINT (10.7993433 52.4221729)
K302Z1B,2016-09-21 17:33:00.000 +0200,1300.0,52.4221729,10.7993433,POINT (10.7993433 52.4221729)
K302Z1B,2016-09-21 17:36:00.000 +0200,1420.0,52.4221729,10.7993433,POINT (10.7993433 52.4221729)
K302Z1B,2016-09-21 17:39:00.000 +0200,1360.0,52.4221729,10.7993433,POINT (10.7993433 52.4221729)
K302Z1B,2016-09-21 17:42:00.000 +0200,1300.0,52.4221729,10.7993433,POINT (10.7993433 52.4221729)
K302Z1B,2016-09-21 17:45:00.000 +0200,1060.0,52.4221729,10.7993433,POINT (10.7993433 52.4221729)
K302Z1B,2016-09-21 17:48:00.000 +0200,1320.0,52.4221729,10.7993433,POINT (10.7993433 52.4221729)
K302Z1B,2016-09-21 17:51:00.000 +0200,1040.0,52.4221729,10.7993433,POINT (10.7993433 52.4221729)
K302Z1B,2016-09-21 17:54:00.000 +0200,1220.0,52.4221729,10.7993433,POINT (10.7993433 52.4221729)
K302Z1B,2016-09-21 17:57:00.000 +0200,1340.0,52.4221729,10.7993433,POINT (10.7993433 52.4221729)
K302Z1B,2016-09-21 18:00:00.000 +0200,980.0,52.4221729,10.7993433,POINT (10.7993433 52.4221729)
K302Z1B,2016-09-21 18:03:00.000 +0200,1340.0,52.4221729,10.7993433,POINT (10.7993433 52.4221729)
K302Z1B,2016-09-21 18:06:00.000 +0200,1220.0,52.4221729,10.7993433,POINT (10.7993433 52.4221729)
K302Z1B,2016-09-21 18:09:00.000 +0200,1280.0,52.4221729,10.7993433,POINT (10.7993433 52.4221729)
K302Z1B,2016-09-21 18:12:00.000 +0200,1200.0,52.4221729,10.7993433,POINT (10.7993433 52.4221729)
K302Z1B,2016-09-21 18:15:00.000 +0200,1180.0,52.4221729,10.7993433,POINT (10.7993433 52.4221729)
K302Z1B,2016-09-21 18:18:00.000 +0200,1160.0,52.4221729,10.7993433,POINT (10.7993433 52.4221729)
K302Z1B,2016-09-21 18:21:00.000 +0200,1420.0,52.4221729,10.7993433,POINT (10.7993433 52.4221729)
K302Z1B,2016-09-21 18:24:00.000 +0200,1160.0,52.4221729,10.7993433,POINT (10.7993433 52.4221729)
K302Z1B,2016-09-21 18:27:00.000 +0200,1380.0,52.4221729,10.7993433,POINT (10.7993433 52.4221729)
K302Z1B,2016-09-21 18:30:00.000 +0200,1340.0,52.4221729,10.7993433,POINT (10.7993433 52.4221729)
K302Z1B,2016-09-21 18:33:00.000 +0200,680.0,52.4221729,10.7993433,POINT (10.7993433 52.4221729)
K302Z1B,2016-09-21 18:36:00.000 +0200,1300.0,52.4221729,10.7993433,POINT (10.7993433 52.4221729)
K302Z1B,2016-09-21 18:39:00.000 +0200,1280.0,52.4221729,10.7993433,POINT (10.7993433 52.4221729)
K302Z1B,2016-09-21 18:42:00.000 +0200,1020.0,52.4221729,10.7993433,POINT (10.7993433 52.4221729)
K302Z1B,2016-09-21 18:45:00.000 +0200,1060.0,52.4221729,10.7993433,POINT (10.7993433 52.4221729)
K302Z1B,2016-09-21 18:48:00.000 +0200,1140.0,52.4221729,10.7993433,POINT (10.7993433 52.4221729)
K302Z1B,2016-09-21 18:51:00.000 +0200,1160.0,52.4221729,10.7993433,POINT (10.7993433 52.4221729)
K302Z1B,2016-09-21 18:54:00.000 +0200,1160.0,52.4221729,10.7993433,POINT (10.7993433 52.4221729)
K302Z1B,2016-09-21 18:57:00.000 +0200,1160.0,52.4221729,10.7993433,POINT (10.7993433 52.4221729)
K302Z1B,2016-09-21 19:00:00.000 +0200,1040.0,52.4221729,10.7993433,POINT (10.7993433 52.4221729)
K302Z1B,2016-09-21 19:03:00.000 +0200,1260.0,52.4221729,10.7993433,POINT (10.7993433 52.4221729)
K302Z1B,2016-09-21 19:06:00.000 +0200,1160.0,52.4221729,10.7993433,POINT (10.7993433 52.4221729)
K302Z1B,2016-09-21 19:09:00.000 +0200,1220.0,52.4221729,10.7993433,POINT (10.7993433 52.4221729)
K302Z1B,2016-09-21 19:12:00.000 +0200,1080.0,52.4221729,10.7993433,POINT (10.7993433 52.4221729)
K302Z1B,2016-09-21 19:15:00.000 +0200,1200.0,52.4221729,10.7993433,POINT (10.7993433 52.4221729)
K302Z1B,2016-09-21 19:18:00.000 +0200,1120.0,52.4221729,10.7993433,POINT (10.7993433 52.4221729)
K302Z1B,2016-09-21 19:21:00.000 +0200,1120.0,52.4221729,10.7993433,POINT (10.7993433 52.4221729)
K302Z1B,2016-09-21 19:24:00.000 +0200,1260.0,52.4221729,10.7993433,POINT (10.7993433 52.4221729)
K302Z1B,2016-09-21 19:27:00.000 +0200,1140.0,52.4221729,10.7993433,POINT (10.7993433 52.4221729)
K302Z1B,2016-09-21 19:30:00.000 +0200,1040.0,52.4221729,10.7993433,POINT (10.7993433 52.4221729)
K302Z1B,2016-09-21 19:33:00.000 +0200,880.0,52.4221729,10.7993433,POINT (10.7993433 52.4221729)
K302Z1B,2016-09-21 19:36:00.000 +0200,880.0,52.4221729,10.7993433,POINT (10.7993433 52.4221729)
K302Z1B,2016-09-21 19:39:00.000 +0200,980.0,52.4221729,10.7993433,POINT (10.7993433 52.4221729)
K302Z1B,2016-09-21 19:42:00.000 +0200,640.0,52.4221729,10.7993433,POINT (10.7993433 52.4221729)
K302Z1B,2016-09-21 19:45:00.000 +0200,680.0,52.4221729,10.7993433,POINT (10.7993433 52.4221729)
K302Z1B,2016-09-21 19:48:00.000 +0200,1260.0,52.4221729,10.7993433,POINT (10.7993433 52.4221729)
K302Z1B,2016-09-21 19:51:00.000 +0200,1000.0,52.4221729,10.7993433,POINT (10.7993433 52.4221729)
K302Z1B,2016-09-21 19:54:00.000 +0200,960.0,52.4221729,10.7993433,POINT (10.7993433 52.4221729)
K302Z1B,2016-09-21 19:57:00.000 +0200,900.0,52.4221729,10.7993433,POINT (10.7993433 52.4221729)
K302Z1B,2016-09-21 20:00:00.000 +0200,660.0,52.4221729,10.7993433,POINT (10.7993433 52.4221729)
K302Z1B,2016-09-21 20:03:00.000 +0200,920.0,52.4221729,10.7993433,POINT (10.7993433 52.4221729)
K302Z1B,2016-09-21 20:06:00.000 +0200,1080.0,52.4221729,10.7993433,POINT (10.7993433 52.4221729)
K302Z1B,2016-09-21 20:09:00.000 +0200,1000.0,52.4221729,10.7993433,POINT (10.7993433 52.4221729)
K302Z1B,2016-09-21 20:12:00.000 +0200,900.0,52.4221729,10.7993433,POINT (10.7993433 52.4221729)
K302Z1B,2016-09-21 20:15:00.000 +0200,800.0,52.4221729,10.7993433,POINT (10.7993433 52.4221729)
K302Z1B,2016-09-21 20:18:00.000 +0200,720.0,52.4221729,10.7993433,POINT (10.7993433 52.4221729)
K302Z1B,2016-09-21 20:21:00.000 +0200,560.0,52.4221729,10.7993433,POINT (10.7993433 52.4221729)
K302Z1B,2016-09-21 20:24:00.000 +0200,780.0,52.4221729,10.7993433,POINT (10.7993433 52.4221729)
K302Z1B,2016-09-21 20:27:00.000 +0200,820.0,52.4221729,10.7993433,POINT (10.7993433 52.4221729)
K302Z1B,2016-09-21 20:30:00.000 +0200,500.0,52.4221729,10.7993433,POINT (10.7993433 52.4221729)
K302Z1B,2016-09-21 20:33:00.000 +0200,740.0,52.4221729,10.7993433,POINT (10.7993433 52.4221729)
K302Z1B,2016-09-21 20:36:00.000 +0200,640.0,52.4221729,10.7993433,POINT (10.7993433 52.4221729)
K302Z1B,2016-09-21 20:39:00.000 +0200,540.0,52.4221729,10.7993433,POINT (10.7993433 52.4221729)
K302Z1B,2016-09-21 20:42:00.000 +0200,400.0,52.4221729,10.7993433,POINT (10.7993433 52.4221729)
K302Z1B,2016-09-21 20:45:00.000 +0200,640.0,52.4221729,10.7993433,POINT (10.7993433 52.4221729)
K302Z1B,2016-09-21 20:48:00.000 +0200,640.0,52.4221729,10.7993433,POINT (10.7993433 52.4221729)
K302Z1B,2016-09-21 20:51:00.000 +0200,480.0,52.4221729,10.7993433,POINT (10.7993433 52.4221729)
K302Z1B,2016-09-21 20:54:00.000 +0200,700.0,52.4221729,10.7993433,POINT (10.7993433 52.4221729)
K302Z1B,2016-09-21 20:57:00.000 +0200,500.0,52.4221729,10.7993433,POINT (10.7993433 52.4221729)
K302Z1B,2016-09-21 21:00:00.000 +0200,480.0,52.4221729,10.7993433,POINT (10.7993433 52.4221729)
K302Z1B,2016-09-21 21:03:00.000 +0200,460.0,52.4221729,10.7993433,POINT (10.7993433 52.4221729)
K302Z1B,2016-09-21 21:06:00.000 +0200,580.0,52.4221729,10.7993433,POINT (10.7993433 52.4221729)
K302Z1B,2016-09-21 21:09:00.000 +0200,980.0,52.4221729,10.7993433,POINT (10.7993433 52.4221729)
K302Z1B,2016-09-21 21:12:00.000 +0200,560.0,52.4221729,10.7993433,POINT (10.7993433 52.4221729)
K302Z1B,2016-09-21 21:15:00.000 +0200,600.0,52.4221729,10.7993433,POINT (10.7993433 52.4221729)
K302Z1B,2016-09-21 21:18:00.000 +0200,480.0,52.4221729,10.7993433,POINT (10.7993433 52.4221729)
K302Z1B,2016-09-21 21:21:00.000 +0200,620.0,52.4221729,10.7993433,POINT (10.7993433 52.4221729)
K302Z1B,2016-09-21 21:24:00.000 +0200,620.0,52.4221729,10.7993433,POINT (10.7993433 52.4221729)
K302Z1B,2016-09-21 21:27:00.000 +0200,460.0,52.4221729,10.7993433,POINT (10.7993433 52.4221729)
K302Z1B,2016-09-21 21:30:00.000 +0200,480.0,52.4221729,10.7993433,POINT (10.7993433 52.4221729)
K302Z1B,2016-09-21 21:33:00.000 +0200,500.0,52.4221729,10.7993433,POINT (10.7993433 52.4221729)
K302Z1B,2016-09-21 21:36:00.000 +0200,460.0,52.4221729,10.7993433,POINT (10.7993433 52.4221729)
K302Z1B,2016-09-21 21:39:00.000 +0200,540.0,52.4221729,10.7993433,POINT (10.7993433 52.4221729)
K302Z1B,2016-09-21 21:42:00.000 +0200,300.0,52.4221729,10.7993433,POINT (10.7993433 52.4221729)
K302Z1B,2016-09-21 21:45:00.000 +0200,380.0,52.4221729,10.7993433,POINT (10.7993433 52.4221729)
K302Z1B,2016-09-21 21:48:00.000 +0200,380.0,52.4221729,10.7993433,POINT (10.7993433 52.4221729)
K302Z1B,2016-09-21 21:51:00.000 +0200,420.0,52.4221729,10.7993433,POINT (10.7993433 52.4221729)
K302Z1B,2016-09-21 21:54:00.000 +0200,380.0,52.4221729,10.7993433,POINT (10.7993433 52.4221729)
K302Z1B,2016-09-21 21:57:00.000 +0200,480.0,52.4221729,10.7993433,POINT (10.7993433 52.4221729)
K302Z1B,2016-09-21 22:00:00.000 +0200,420.0,52.4221729,10.7993433,POINT (10.7993433 52.4221729)
K302Z1B,2016-09-21 22:03:00.000 +0200,460.0,52.4221729,10.7993433,POINT (10.7993433 52.4221729)
K302Z1B,2016-09-21 22:06:00.000 +0200,360.0,52.4221729,10.7993433,POINT (10.7993433 52.4221729)
K302Z1B,2016-09-21 22:09:00.000 +0200,500.0,52.4221729,10.7993433,POINT (10.7993433 52.4221729)
K302Z1B,2016-09-21 22:12:00.000 +0200,300.0,52.4221729,10.7993433,POINT (10.7993433 52.4221729)
K302Z1B,2016-09-21 22:15:00.000 +0200,320.0,52.4221729,10.7993433,POINT (10.7993433 52.4221729)
K302Z1B,2016-09-21 22:18:00.000 +0200,240.0,52.4221729,10.7993433,POINT (10.7993433 52.4221729)
K302Z1B,2016-09-21 22:21:00.000 +0200,400.0,52.4221729,10.7993433,POINT (10.7993433 52.4221729)
K302Z1B,2016-09-21 22:24:00.000 +0200,320.0,52.4221729,10.7993433,POINT (10.7993433 52.4221729)
K302Z1B,2016-09-21 22:27:00.000 +0200,340.0,52.4221729,10.7993433,POINT (10.7993433 52.4221729)
K302Z1B,2016-09-21 22:30:00.000 +0200,300.0,52.4221729,10.7993433,POINT (10.7993433 52.4221729)
K302Z1B,2016-09-21 22:33:00.000 +0200,320.0,52.4221729,10.7993433,POINT (10.7993433 52.4221729)
K302Z1B,2016-09-21 22:36:00.000 +0200,340.0,52.4221729,10.7993433,POINT (10.7993433 52.4221729)
K302Z1B,2016-09-21 22:39:00.000 +0200,240.0,52.4221729,10.7993433,POINT (10.7993433 52.4221729)
K302Z1B,2016-09-21 22:42:00.000 +0200,240.0,52.4221729,10.7993433,POINT (10.7993433 52.4221729)
K302Z1B,2016-09-21 22:45:00.000 +0200,300.0,52.4221729,10.7993433,POINT (10.7993433 52.4221729)
K302Z1B,2016-09-21 22:48:00.000 +0200,200.0,52.4221729,10.7993433,POINT (10.7993433 52.4221729)
K302Z1B,2016-09-21 22:51:00.000 +0200,240.0,52.4221729,10.7993433,POINT (10.7993433 52.4221729)
K302Z1B,2016-09-21 22:54:00.000 +0200,460.0,52.4221729,10.7993433,POINT (10.7993433 52.4221729)
K302Z1B,2016-09-21 22:57:00.000 +0200,140.0,52.4221729,10.7993433,POINT (10.7993433 52.4221729)
K302Z1B,2016-09-21 23:00:00.000 +0200,300.0,52.4221729,10.7993433,POINT (10.7993433 52.4221729)
K302Z1B,2016-09-21 23:03:00.000 +0200,140.0,52.4221729,10.7993433,POINT (10.7993433 52.4221729)
K302Z1B,2016-09-21 23:06:00.000 +0200,120.0,52.4221729,10.7993433,POINT (10.7993433 52.4221729)
K302Z1B,2016-09-21 23:09:00.000 +0200,280.0,52.4221729,10.7993433,POINT (10.7993433 52.4221729)
K302Z1B,2016-09-21 23:12:00.000 +0200,260.0,52.4221729,10.7993433,POINT (10.7993433 52.4221729)
K302Z1B,2016-09-21 23:15:00.000 +0200,280.0,52.4221729,10.7993433,POINT (10.7993433 52.4221729)
K302Z1B,2016-09-21 23:18:00.000 +0200,140.0,52.4221729,10.7993433,POINT (10.7993433 52.4221729)
K302Z1B,2016-09-21 23:21:00.000 +0200,320.0,52.4221729,10.7993433,POINT (10.7993433 52.4221729)
K302Z1B,2016-09-21 23:24:00.000 +0200,160.0,52.4221729,10.7993433,POINT (10.7993433 52.4221729)
K302Z1B,2016-09-21 23:27:00.000 +0200,320.0,52.4221729,10.7993433,POINT (10.7993433 52.4221729)
K302Z1B,2016-09-21 23:30:00.000 +0200,260.0,52.4221729,10.7993433,POINT (10.7993433 52.4221729)
K302Z1B,2016-09-21 23:33:00.000 +0200,300.0,52.4221729,10.7993433,POINT (10.7993433 52.4221729)
K302Z1B,2016-09-21 23:36:00.000 +0200,120.0,52.4221729,10.7993433,POINT (10.7993433 52.4221729)
K302Z1B,2016-09-21 23:39:00.000 +0200,160.0,52.4221729,10.7993433,POINT (10.7993433 52.4221729)
K302Z1B,2016-09-21 23:42:00.000 +0200,160.0,52.4221729,10.7993433,POINT (10.7993433 52.4221729)
K302Z1B,2016-09-21 23:45:00.000 +0200,240.0,52.4221729,10.7993433,POINT (10.7993433 52.4221729)
K302Z1B,2016-09-21 23:48:00.000 +0200,180.0,52.4221729,10.7993433,POINT (10.7993433 52.4221729)
K302Z1B,2016-09-21 23:51:00.000 +0200,200.0,52.4221729,10.7993433,POINT (10.7993433 52.4221729)
K302Z1B,2016-09-21 23:54:00.000 +0200,140.0,52.4221729,10.7993433,POINT (10.7993433 52.4221729)
K302Z1B,2016-09-21 23:57:00.000 +0200,240.0,52.4221729,10.7993433,POINT (10.7993433 52.4221729)
K302Z1B,2016-09-22 00:00:00.000 +0200,280.0,52.4221729,10.7993433,POINT (10.7993433 52.4221729)
K302Z1B,2016-09-22 00:03:00.000 +0200,300.0,52.4221729,10.7993433,POINT (10.7993433 52.4221729)
K302Z1B,2016-09-22 00:06:00.000 +0200,420.0,52.4221729,10.7993433,POINT (10.7993433 52.4221729)
K302Z1B,2016-09-22 00:09:00.000 +0200,740.0,52.4221729,10.7993433,POINT (10.7993433 52.4221729)
K302Z1B,2016-09-22 00:12:00.000 +0200,880.0,52.4221729,10.7993433,POINT (10.7993433 52.4221729)
K302Z1B,2016-09-22 00:15:00.000 +0200,1020.0,52.4221729,10.7993433,POINT (10.7993433 52.4221729)
K302Z1B,2016-09-22 00:18:00.000 +0200,780.0,52.4221729,10.7993433,POINT (10.7993433 52.4221729)
K302Z1B,2016-09-22 00:21:00.000 +0200,1200.0,52.4221729,10.7993433,POINT (10.7993433 52.4221729)
K302Z1B,2016-09-22 00:24:00.000 +0200,940.0,52.4221729,10.7993433,POINT (10.7993433 52.4221729)
K302Z1B,2016-09-22 00:27:00.000 +0200,760.0,52.4221729,10.7993433,POINT (10.7993433 52.4221729)
K302Z1B,2016-09-22 00:30:00.000 +0200,820.0,52.4221729,10.7993433,POINT (10.7993433 52.4221729)
K302Z1B,2016-09-22 00:33:00.000 +0200,760.0,52.4221729,10.7993433,POINT (10.7993433 52.4221729)
K302Z1B,2016-09-22 00:36:00.000 +0200,620.0,52.4221729,10.7993433,POINT (10.7993433 52.4221729)
K302Z1B,2016-09-22 00:39:00.000 +0200,540.0,52.4221729,10.7993433,POINT (10.7993433 52.4221729)
K302Z1B,2016-09-22 00:42:00.000 +0200,740.0,52.4221729,10.7993433,POINT (10.7993433 52.4221729)
K302Z1B,2016-09-22 00:45:00.000 +0200,600.0,52.4221729,10.7993433,POINT (10.7993433 52.4221729)
K302Z1B,2016-09-22 00:48:00.000 +0200,480.0,52.4221729,10.7993433,POINT (10.7993433 52.4221729)
K302Z1B,2016-09-22 00:51:00.000 +0200,260.0,52.4221729,10.7993433,POINT (10.7993433 52.4221729)
K302Z1B,2016-09-22 00:54:00.000 +0200,320.0,52.4221729,10.7993433,POINT (10.7993433 52.4221729)
K302Z1B,2016-09-22 00:57:00.000 +0200,280.0,52.4221729,10.7993433,POINT (10.7993433 52.4221729)
K302Z1B,2016-09-22 01:00:00.000 +0200,160.0,52.4221729,10.7993433,POINT (10.7993433 52.4221729)
K302Z1B,2016-09-22 01:03:00.000 +0200,140.0,52.4221729,10.7993433,POINT (10.7993433 52.4221729)
K302Z1B,2016-09-22 01:06:00.000 +0200,40.0,52.4221729,10.7993433,POINT (10.7993433 52.4221729)
K302Z1B,2016-09-22 01:09:00.000 +0200,140.0,52.4221729,10.7993433,POINT (10.7993433 52.4221729)
K302Z1B,2016-09-22 01:12:00.000 +0200,80.0,52.4221729,10.7993433,POINT (10.7993433 52.4221729)
K302Z1B,2016-09-22 01:15:00.000 +0200,80.0,52.4221729,10.7993433,POINT (10.7993433 52.4221729)
K302Z1B,2016-09-22 01:18:00.000 +0200,20.0,52.4221729,10.7993433,POINT (10.7993433 52.4221729)
K302Z1B,2016-09-22 01:21:00.000 +0200,80.0,52.4221729,10.7993433,POINT (10.7993433 52.4221729)
K302Z1B,2016-09-22 01:24:00.000 +0200,100.0,52.4221729,10.7993433,POINT (10.7993433 52.4221729)
K302Z1B,2016-09-22 01:27:00.000 +0200,60.0,52.4221729,10.7993433,POINT (10.7993433 52.4221729)
K302Z1B,2016-09-22 01:30:00.000 +0200,100.0,52.4221729,10.7993433,POINT (10.7993433 52.4221729)
K302Z1B,2016-09-22 01:33:00.000 +0200,80.0,52.4221729,10.7993433,POINT (10.7993433 52.4221729)
K302Z1B,2016-09-22 01:36:00.000 +0200,0.0,52.4221729,10.7993433,POINT (10.7993433 52.4221729)
K302Z1B,2016-09-22 01:39:00.000 +0200,20.0,52.4221729,10.7993433,POINT (10.7993433 52.4221729)
K302Z1B,2016-09-22 01:42:00.000 +0200,20.0,52.4221729,10.7993433,POINT (10.7993433 52.4221729)
K302Z1B,2016-09-22 01:45:00.000 +0200,60.0,52.4221729,10.7993433,POINT (10.7993433 52.4221729)
K302Z1B,2016-09-22 01:48:00.000 +0200,40.0,52.4221729,10.7993433,POINT (10.7993433 52.4221729)
K302Z1B,2016-09-22 01:51:00.000 +0200,40.0,52.4221729,10.7993433,POINT (10.7993433 52.4221729)
K302Z1B,2016-09-22 01:54:00.000 +0200,40.0,52.4221729,10.7993433,POINT (10.7993433 52.4221729)
K302Z1B,2016-09-22 01:57:00.000 +0200,40.0,52.4221729,10.7993433,POINT (10.7993433 52.4221729)
K302Z1B,2016-09-22 02:00:00.000 +0200,80.0,52.4221729,10.7993433,POINT (10.7993433 52.4221729)
K302Z1B,2016-09-22 02:03:00.000 +0200,20.0,52.4221729,10.7993433,POINT (10.7993433 52.4221729)
K302Z1B,2016-09-22 02:06:00.000 +0200,20.0,52.4221729,10.7993433,POINT (10.7993433 52.4221729)
K302Z1B,2016-09-22 02:09:00.000 +0200,0.0,52.4221729,10.7993433,POINT (10.7993433 52.4221729)
K302Z1B,2016-09-22 02:12:00.000 +0200,20.0,52.4221729,10.7993433,POINT (10.7993433 52.4221729)
K302Z1B,2016-09-22 02:15:00.000 +0200,40.0,52.4221729,10.7993433,POINT (10.7993433 52.4221729)
K302Z1B,2016-09-22 02:18:00.000 +0200,80.0,52.4221729,10.7993433,POINT (10.7993433 52.4221729)
K302Z1B,2016-09-22 02:21:00.000 +0200,80.0,52.4221729,10.7993433,POINT (10.7993433 52.4221729)
K302Z1B,2016-09-22 02:24:00.000 +0200,40.0,52.4221729,10.7993433,POINT (10.7993433 52.4221729)
K302Z1B,2016-09-22 02:27:00.000 +0200,80.0,52.4221729,10.7993433,POINT (10.7993433 52.4221729)
K302Z1B,2016-09-22 02:30:00.000 +0200,0.0,52.4221729,10.7993433,POINT (10.7993433 52.4221729)
K302Z1B,2016-09-22 02:33:00.000 +0200,0.0,52.4221729,10.7993433,POINT (10.7993433 52.4221729)
K302Z1B,2016-09-22 02:36:00.000 +0200,20.0,52.4221729,10.7993433,POINT (10.7993433 52.4221729)
K302Z1B,2016-09-22 02:39:00.000 +0200,20.0,52.4221729,10.7993433,POINT (10.7993433 52.4221729)
K302Z1B,2016-09-22 02:42:00.000 +0200,0.0,52.4221729,10.7993433,POINT (10.7993433 52.4221729)
K302Z1B,2016-09-22 02:45:00.000 +0200,20.0,52.4221729,10.7993433,POINT (10.7993433 52.4221729)
K302Z1B,2016-09-22 02:48:00.000 +0200,0.0,52.4221729,10.7993433,POINT (10.7993433 52.4221729)
K302Z1B,2016-09-22 02:51:00.000 +0200,20.0,52.4221729,10.7993433,POINT (10.7993433 52.4221729)
K302Z1B,2016-09-22 02:54:00.000 +0200,40.0,52.4221729,10.7993433,POINT (10.7993433 52.4221729)
K302Z1B,2016-09-22 02:57:00.000 +0200,0.0,52.4221729,10.7993433,POINT (10.7993433 52.4221729)
K302Z1B,2016-09-22 03:00:00.000 +0200,20.0,52.4221729,10.7993433,POINT (10.7993433 52.4221729)
K302Z1B,2016-09-22 03:03:00.000 +0200,20.0,52.4221729,10.7993433,POINT (10.7993433 52.4221729)
K302Z1B,2016-09-22 03:06:00.000 +0200,40.0,52.4221729,10.7993433,POINT (10.7993433 52.4221729)
K302Z1B,2016-09-22 03:09:00.000 +0200,20.0,52.4221729,10.7993433,POINT (10.7993433 52.4221729)
K302Z1B,2016-09-22 03:12:00.000 +0200,0.0,52.4221729,10.7993433,POINT (10.7993433 52.4221729)
K302Z1B,2016-09-22 03:15:00.000 +0200,20.0,52.4221729,10.7993433,POINT (10.7993433 52.4221729)
K302Z1B,2016-09-22 03:18:00.000 +0200,0.0,52.4221729,10.7993433,POINT (10.7993433 52.4221729)
K302Z1B,2016-09-22 03:21:00.000 +0200,0.0,52.4221729,10.7993433,POINT (10.7993433 52.4221729)
K302Z1B,2016-09-22 03:24:00.000 +0200,0.0,52.4221729,10.7993433,POINT (10.7993433 52.4221729)
K302Z1B,2016-09-22 03:27:00.000 +0200,0.0,52.4221729,10.7993433,POINT (10.7993433 52.4221729)
K302Z1B,2016-09-22 03:30:00.000 +0200,0.0,52.4221729,10.7993433,POINT (10.7993433 52.4221729)
K302Z1B,2016-09-22 03:33:00.000 +0200,20.0,52.4221729,10.7993433,POINT (10.7993433 52.4221729)
K302Z1B,2016-09-22 03:36:00.000 +0200,20.0,52.4221729,10.7993433,POINT (10.7993433 52.4221729)
K302Z1B,2016-09-22 03:39:00.000 +0200,0.0,52.4221729,10.7993433,POINT (10.7993433 52.4221729)
K302Z1B,2016-09-22 03:42:00.000 +0200,0.0,52.4221729,10.7993433,POINT (10.7993433 52.4221729)
K302Z1B,2016-09-22 03:45:00.000 +0200,0.0,52.4221729,10.7993433,POINT (10.7993433 52.4221729)
K302Z1B,2016-09-22 03:48:00.000 +0200,20.0,52.4221729,10.7993433,POINT (10.7993433 52.4221729)
K302Z1B,2016-09-22 03:51:00.000 +0200,60.0,52.4221729,10.7993433,POINT (10.7993433 52.4221729)
K302Z1B,2016-09-22 03:54:00.000 +0200,20.0,52.4221729,10.7993433,POINT (10.7993433 52.4221729)
K302Z1B,2016-09-22 03:57:00.000 +0200,0.0,52.4221729,10.7993433,POINT (10.7993433 52.4221729)
K302Z1B,2016-09-22 04:00:00.000 +0200,20.0,52.4221729,10.7993433,POINT (10.7993433 52.4221729)
K302Z1B,2016-09-22 04:03:00.000 +0200,40.0,52.4221729,10.7993433,POINT (10.7993433 52.4221729)
K302Z1B,2016-09-22 04:06:00.000 +0200,0.0,52.4221729,10.7993433,POINT (10.7993433 52.4221729)
K302Z1B,2016-09-22 04:09:00.000 +0200,40.0,52.4221729,10.7993433,POINT (10.7993433 52.4221729)
K302Z1B,2016-09-22 04:12:00.000 +0200,20.0,52.4221729,10.7993433,POINT (10.7993433 52.4221729)
K302Z1B,2016-09-22 04:15:00.000 +0200,0.0,52.4221729,10.7993433,POINT (10.7993433 52.4221729)
K302Z1B,2016-09-22 04:18:00.000 +0200,0.0,52.4221729,10.7993433,POINT (10.7993433 52.4221729)
K302Z1B,2016-09-22 04:21:00.000 +0200,0.0,52.4221729,10.7993433,POINT (10.7993433 52.4221729)
K302Z1B,2016-09-22 04:24:00.000 +0200,0.0,52.4221729,10.7993433,POINT (10.7993433 52.4221729)
K302Z1B,2016-09-22 04:27:00.000 +0200,0.0,52.4221729,10.7993433,POINT (10.7993433 52.4221729)
K302Z1B,2016-09-22 04:30:00.000 +0200,0.0,52.4221729,10.7993433,POINT (10.7993433 52.4221729)
K302Z1B,2016-09-22 04:33:00.000 +0200,40.0,52.4221729,10.7993433,POINT (10.7993433 52.4221729)
K302Z1B,2016-09-22 04:36:00.000 +0200,0.0,52.4221729,10.7993433,POINT (10.7993433 52.4221729)
K302Z1B,2016-09-22 04:39:00.000 +0200,0.0,52.4221729,10.7993433,POINT (10.7993433 52.4221729)
K302Z1B,2016-09-22 04:42:00.000 +0200,0.0,52.4221729,10.7993433,POINT (10.7993433 52.4221729)
K302Z1B,2016-09-22 04:45:00.000 +0200,0.0,52.4221729,10.7993433,POINT (10.7993433 52.4221729)
K302Z1B,2016-09-22 04:48:00.000 +0200,0.0,52.4221729,10.7993433,POINT (10.7993433 52.4221729)
K302Z1B,2016-09-22 04:51:00.000 +0200,20.0,52.4221729,10.7993433,POINT (10.7993433 52.4221729)
K302Z1B,2016-09-22 04:54:00.000 +0200,0.0,52.4221729,10.7993433,POINT (10.7993433 52.4221729)
K302Z1B,2016-09-22 04:57:00.000 +0200,0.0,52.4221729,10.7993433,POINT (10.7993433 52.4221729)
K302Z1B,2016-09-22 05:00:00.000 +0200,20.0,52.4221729,10.7993433,POINT (10.7993433 52.4221729)
K302Z1B,2016-09-22 05:03:00.000 +0200,0.0,52.4221729,10.7993433,POINT (10.7993433 52.4221729)
K302Z1B,2016-09-22 05:06:00.000 +0200,20.0,52.4221729,10.7993433,POINT (10.7993433 52.4221729)
K302Z1B,2016-09-22 05:09:00.000 +0200,40.0,52.4221729,10.7993433,POINT (10.7993433 52.4221729)
K302Z1B,2016-09-22 05:12:00.000 +0200,0.0,52.4221729,10.7993433,POINT (10.7993433 52.4221729)
K302Z1B,2016-09-22 05:15:00.000 +0200,0.0,52.4221729,10.7993433,POINT (10.7993433 52.4221729)
K302Z1B,2016-09-22 05:18:00.000 +0200,0.0,52.4221729,10.7993433,POINT (10.7993433 52.4221729)
K302Z1B,2016-09-22 05:21:00.000 +0200,20.0,52.4221729,10.7993433,POINT (10.7993433 52.4221729)
K302Z1B,2016-09-22 05:24:00.000 +0200,20.0,52.4221729,10.7993433,POINT (10.7993433 52.4221729)
K302Z1B,2016-09-22 05:27:00.000 +0200,0.0,52.4221729,10.7993433,POINT (10.7993433 52.4221729)
K302Z1B,2016-09-22 05:30:00.000 +0200,20.0,52.4221729,10.7993433,POINT (10.7993433 52.4221729)
K302Z1B,2016-09-22 05:33:00.000 +0200,0.0,52.4221729,10.7993433,POINT (10.7993433 52.4221729)
K302Z1B,2016-09-22 05:36:00.000 +0200,0.0,52.4221729,10.7993433,POINT (10.7993433 52.4221729)
K302Z1B,2016-09-22 05:39:00.000 +0200,20.0,52.4221729,10.7993433,POINT (10.7993433 52.4221729)
K302Z1B,2016-09-22 05:42:00.000 +0200,0.0,52.4221729,10.7993433,POINT (10.7993433 52.4221729)
K302Z1B,2016-09-22 05:45:00.000 +0200,20.0,52.4221729,10.7993433,POINT (10.7993433 52.4221729)
K302Z1B,2016-09-22 05:48:00.000 +0200,20.0,52.4221729,10.7993433,POINT (10.7993433 52.4221729)
K302Z1B,2016-09-22 05:51:00.000 +0200,0.0,52.4221729,10.7993433,POINT (10.7993433 52.4221729)
K302Z1B,2016-09-22 05:54:00.000 +0200,0.0,52.4221729,10.7993433,POINT (10.7993433 52.4221729)
K302Z1B,2016-09-22 05:57:00.000 +0200,0.0,52.4221729,10.7993433,POINT (10.7993433 52.4221729)
K302Z1B,2016-09-22 06:00:00.000 +0200,0.0,52.4221729,10.7993433,POINT (10.7993433 52.4221729)
K302Z1B,2016-09-22 06:03:00.000 +0200,0.0,52.4221729,10.7993433,POINT (10.7993433 52.4221729)
K302Z1B,2016-09-22 06:06:00.000 +0200,20.0,52.4221729,10.7993433,POINT (10.7993433 52.4221729)
K302Z1B,2016-09-22 06:09:00.000 +0200,0.0,52.4221729,10.7993433,POINT (10.7993433 52.4221729)
K302Z1B,2016-09-22 06:12:00.000 +0200,20.0,52.4221729,10.7993433,POINT (10.7993433 52.4221729)
K302Z1B,2016-09-22 06:15:00.000 +0200,0.0,52.4221729,10.7993433,POINT (10.7993433 52.4221729)
K302Z1B,2016-09-22 06:18:00.000 +0200,0.0,52.4221729,10.7993433,POINT (10.7993433 52.4221729)
K302Z1B,2016-09-22 06:21:00.000 +0200,0.0,52.4221729,10.7993433,POINT (10.7993433 52.4221729)
K302Z1B,2016-09-22 06:24:00.000 +0200,0.0,52.4221729,10.7993433,POINT (10.7993433 52.4221729)
K302Z1B,2016-09-22 06:27:00.000 +0200,60.0,52.4221729,10.7993433,POINT (10.7993433 52.4221729)
K302Z1B,2016-09-22 06:30:00.000 +0200,0.0,52.4221729,10.7993433,POINT (10.7993433 52.4221729)
K302Z1B,2016-09-22 06:33:00.000 +0200,0.0,52.4221729,10.7993433,POINT (10.7993433 52.4221729)
K302Z1B,2016-09-22 06:36:00.000 +0200,0.0,52.4221729,10.7993433,POINT (10.7993433 52.4221729)
K302Z1B,2016-09-22 06:39:00.000 +0200,0.0,52.4221729,10.7993433,POINT (10.7993433 52.4221729)
K302Z1B,2016-09-22 06:42:00.000 +0200,20.0,52.4221729,10.7993433,POINT (10.7993433 52.4221729)
K302Z1B,2016-09-22 06:45:00.000 +0200,20.0,52.4221729,10.7993433,POINT (10.7993433 52.4221729)
K302Z1B,2016-09-22 06:48:00.000 +0200,80.0,52.4221729,10.7993433,POINT (10.7993433 52.4221729)
K302Z1B,2016-09-22 06:51:00.000 +0200,0.0,52.4221729,10.7993433,POINT (10.7993433 52.4221729)
K302Z1B,2016-09-22 06:54:00.000 +0200,60.0,52.4221729,10.7993433,POINT (10.7993433 52.4221729)
K302Z1B,2016-09-22 06:57:00.000 +0200,40.0,52.4221729,10.7993433,POINT (10.7993433 52.4221729)
K302Z1B,2016-09-22 07:00:00.000 +0200,40.0,52.4221729,10.7993433,POINT (10.7993433 52.4221729)
K302Z1B,2016-09-22 07:03:00.000 +0200,40.0,52.4221729,10.7993433,POINT (10.7993433 52.4221729)
K302Z1B,2016-09-22 07:06:00.000 +0200,0.0,52.4221729,10.7993433,POINT (10.7993433 52.4221729)
K302Z1B,2016-09-22 07:09:00.000 +0200,20.0,52.4221729,10.7993433,POINT (10.7993433 52.4221729)
K302Z1B,2016-09-22 07:12:00.000 +0200,80.0,52.4221729,10.7993433,POINT (10.7993433 52.4221729)
K302Z1B,2016-09-22 07:15:00.000 +0200,100.0,52.4221729,10.7993433,POINT (10.7993433 52.4221729)
K302Z1B,2016-09-22 07:18:00.000 +0200,180.0,52.4221729,10.7993433,POINT (10.7993433 52.4221729)
K302Z1B,2016-09-22 07:21:00.000 +0200,60.0,52.4221729,10.7993433,POINT (10.7993433 52.4221729)
K302Z1B,2016-09-22 07:24:00.000 +0200,100.0,52.4221729,10.7993433,POINT (10.7993433 52.4221729)
K302Z1B,2016-09-22 07:27:00.000 +0200,120.0,52.4221729,10.7993433,POINT (10.7993433 52.4221729)
K302Z1B,2016-09-22 07:30:00.000 +0200,120.0,52.4221729,10.7993433,POINT (10.7993433 52.4221729)
K302Z1B,2016-09-22 07:33:00.000 +0200,100.0,52.4221729,10.7993433,POINT (10.7993433 52.4221729)
K302Z1B,2016-09-22 07:36:00.000 +0200,160.0,52.4221729,10.7993433,POINT (10.7993433 52.4221729)
K302Z1B,2016-09-22 07:39:00.000 +0200,180.0,52.4221729,10.7993433,POINT (10.7993433 52.4221729)
K302Z1B,2016-09-22 07:42:00.000 +0200,340.0,52.4221729,10.7993433,POINT (10.7993433 52.4221729)
K302Z1B,2016-09-22 07:45:00.000 +0200,460.0,52.4221729,10.7993433,POINT (10.7993433 52.4221729)
K302Z1B,2016-09-22 07:48:00.000 +0200,720.0,52.4221729,10.7993433,POINT (10.7993433 52.4221729)
K302Z1B,2016-09-22 07:51:00.000 +0200,920.0,52.4221729,10.7993433,POINT (10.7993433 52.4221729)
K302Z1B,2016-09-22 07:54:00.000 +0200,600.0,52.4221729,10.7993433,POINT (10.7993433 52.4221729)
K302Z1B,2016-09-22 07:57:00.000 +0200,800.0,52.4221729,10.7993433,POINT (10.7993433 52.4221729)
K302Z1B,2016-09-22 08:00:00.000 +0200,1020.0,52.4221729,10.7993433,POINT (10.7993433 52.4221729)
K302Z1B,2016-09-22 08:03:00.000 +0200,1200.0,52.4221729,10.7993433,POINT (10.7993433 52.4221729)
K302Z1B,2016-09-22 08:06:00.000 +0200,900.0,52.4221729,10.7993433,POINT (10.7993433 52.4221729)
K302Z1B,2016-09-22 08:09:00.000 +0200,600.0,52.4221729,10.7993433,POINT (10.7993433 52.4221729)
K302Z1B,2016-09-22 08:12:00.000 +0200,520.0,52.4221729,10.7993433,POINT (10.7993433 52.4221729)
K302Z1B,2016-09-22 08:15:00.000 +0200,520.0,52.4221729,10.7993433,POINT (10.7993433 52.4221729)
K302Z1B,2016-09-22 08:18:00.000 +0200,540.0,52.4221729,10.7993433,POINT (10.7993433 52.4221729)
K302Z1B,2016-09-22 08:21:00.000 +0200,600.0,52.4221729,10.7993433,POINT (10.7993433 52.4221729)
K302Z1B,2016-09-22 08:24:00.000 +0200,580.0,52.4221729,10.7993433,POINT (10.7993433 52.4221729)
K302Z1B,2016-09-22 08:27:00.000 +0200,400.0,52.4221729,10.7993433,POINT (10.7993433 52.4221729)
K302Z1B,2016-09-22 08:30:00.000 +0200,580.0,52.4221729,10.7993433,POINT (10.7993433 52.4221729)
K302Z1B,2016-09-22 08:33:00.000 +0200,480.0,52.4221729,10.7993433,POINT (10.7993433 52.4221729)
K302Z1B,2016-09-22 08:36:00.000 +0200,700.0,52.4221729,10.7993433,POINT (10.7993433 52.4221729)
K302Z1B,2016-09-22 08:39:00.000 +0200,760.0,52.4221729,10.7993433,POINT (10.7993433 52.4221729)
K302Z1B,2016-09-22 08:42:00.000 +0200,780.0,52.4221729,10.7993433,POINT (10.7993433 52.4221729)
K302Z1B,2016-09-22 08:45:00.000 +0200,880.0,52.4221729,10.7993433,POINT (10.7993433 52.4221729)
K302Z1B,2016-09-22 08:48:00.000 +0200,640.0,52.4221729,10.7993433,POINT (10.7993433 52.4221729)
K302Z1B,2016-09-22 08:51:00.000 +0200,820.0,52.4221729,10.7993433,POINT (10.7993433 52.4221729)
K302Z1B,2016-09-22 08:54:00.000 +0200,680.0,52.4221729,10.7993433,POINT (10.7993433 52.4221729)
K302Z1B,2016-09-22 08:57:00.000 +0200,660.0,52.4221729,10.7993433,POINT (10.7993433 52.4221729)
K302Z1B,2016-09-22 09:00:00.000 +0200,820.0,52.4221729,10.7993433,POINT (10.7993433 52.4221729)
K302Z1B,2016-09-22 09:03:00.000 +0200,520.0,52.4221729,10.7993433,POINT (10.7993433 52.4221729)
K302Z1B,2016-09-22 09:06:00.000 +0200,760.0,52.4221729,10.7993433,POINT (10.7993433 52.4221729)
K302Z1B,2016-09-22 09:09:00.000 +0200,560.0,52.4221729,10.7993433,POINT (10.7993433 52.4221729)
K302Z1B,2016-09-22 09:12:00.000 +0200,580.0,52.4221729,10.7993433,POINT (10.7993433 52.4221729)
K302Z1B,2016-09-22 09:15:00.000 +0200,740.0,52.4221729,10.7993433,POINT (10.7993433 52.4221729)
K302Z1B,2016-09-22 09:18:00.000 +0200,800.0,52.4221729,10.7993433,POINT (10.7993433 52.4221729)
K302Z1B,2016-09-22 09:21:00.000 +0200,720.0,52.4221729,10.7993433,POINT (10.7993433 52.4221729)
K302Z1B,2016-09-22 09:24:00.000 +0200,1060.0,52.4221729,10.7993433,POINT (10.7993433 52.4221729)
K302Z1B,2016-09-22 09:27:00.000 +0200,700.0,52.4221729,10.7993433,POINT (10.7993433 52.4221729)
K302Z1B,2016-09-22 09:30:00.000 +0200,820.0,52.4221729,10.7993433,POINT (10.7993433 52.4221729)
K302Z1B,2016-09-22 09:33:00.000 +0200,800.0,52.4221729,10.7993433,POINT (10.7993433 52.4221729)
K302Z1B,2016-09-22 09:36:00.000 +0200,800.0,52.4221729,10.7993433,POINT (10.7993433 52.4221729)
K302Z1B,2016-09-22 09:39:00.000 +0200,980.0,52.4221729,10.7993433,POINT (10.7993433 52.4221729)
K302Z1B,2016-09-22 09:42:00.000 +0200,840.0,52.4221729,10.7993433,POINT (10.7993433 52.4221729)
K302Z1B,2016-09-22 09:45:00.000 +0200,900.0,52.4221729,10.7993433,POINT (10.7993433 52.4221729)
K302Z1B,2016-09-22 09:48:00.000 +0200,720.0,52.4221729,10.7993433,POINT (10.7993433 52.4221729)
K302Z1B,2016-09-22 09:51:00.000 +0200,900.0,52.4221729,10.7993433,POINT (10.7993433 52.4221729)
K302Z1B,2016-09-22 09:54:00.000 +0200,740.0,52.4221729,10.7993433,POINT (10.7993433 52.4221729)
K302Z1B,2016-09-22 09:57:00.000 +0200,600.0,52.4221729,10.7993433,POINT (10.7993433 52.4221729)
K302Z1B,2016-09-22 10:00:00.000 +0200,460.0,52.4221729,10.7993433,POINT (10.7993433 52.4221729)
K302Z1B,2016-09-22 10:03:00.000 +0200,500.0,52.4221729,10.7993433,POINT (10.7993433 52.4221729)
K302Z1B,2016-09-22 10:06:00.000 +0200,780.0,52.4221729,10.7993433,POINT (10.7993433 52.4221729)
K302Z1B,2016-09-22 10:09:00.000 +0200,480.0,52.4221729,10.7993433,POINT (10.7993433 52.4221729)
K302Z1B,2016-09-22 10:12:00.000 +0200,540.0,52.4221729,10.7993433,POINT (10.7993433 52.4221729)
K302Z1B,2016-09-22 10:15:00.000 +0200,960.0,52.4221729,10.7993433,POINT (10.7993433 52.4221729)
K302Z1B,2016-09-22 10:18:00.000 +0200,700.0,52.4221729,10.7993433,POINT (10.7993433 52.4221729)
K302Z1B,2016-09-22 10:21:00.000 +0200,720.0,52.4221729,10.7993433,POINT (10.7993433 52.4221729)
K302Z1B,2016-09-22 10:24:00.000 +0200,560.0,52.4221729,10.7993433,POINT (10.7993433 52.4221729)
K302Z1B,2016-09-22 10:27:00.000 +0200,560.0,52.4221729,10.7993433,POINT (10.7993433 52.4221729)
K302Z1B,2016-09-22 10:30:00.000 +0200,440.0,52.4221729,10.7993433,POINT (10.7993433 52.4221729)
K302Z1B,2016-09-22 10:33:00.000 +0200,580.0,52.4221729,10.7993433,POINT (10.7993433 52.4221729)
K302Z1B,2016-09-22 10:36:00.000 +0200,600.0,52.4221729,10.7993433,POINT (10.7993433 52.4221729)
K302Z1B,2016-09-22 10:39:00.000 +0200,600.0,52.4221729,10.7993433,POINT (10.7993433 52.4221729)
K302Z1B,2016-09-22 10:42:00.000 +0200,540.0,52.4221729,10.7993433,POINT (10.7993433 52.4221729)
K302Z1B,2016-09-22 10:45:00.000 +0200,520.0,52.4221729,10.7993433,POINT (10.7993433 52.4221729)
K302Z1B,2016-09-22 10:48:00.000 +0200,620.0,52.4221729,10.7993433,POINT (10.7993433 52.4221729)
K302Z1B,2016-09-22 10:51:00.000 +0200,580.0,52.4221729,10.7993433,POINT (10.7993433 52.4221729)
K302Z1B,2016-09-22 10:54:00.000 +0200,700.0,52.4221729,10.7993433,POINT (10.7993433 52.4221729)
K302Z1B,2016-09-22 10:57:00.000 +0200,340.0,52.4221729,10.7993433,POINT (10.7993433 52.4221729)
K302Z1B,2016-09-22 11:00:00.000 +0200,540.0,52.4221729,10.7993433,POINT (10.7993433 52.4221729)
K302Z1B,2016-09-22 11:03:00.000 +0200,380.0,52.4221729,10.7993433,POINT (10.7993433 52.4221729)
K302Z1B,2016-09-22 11:06:00.000 +0200,460.0,52.4221729,10.7993433,POINT (10.7993433 52.4221729)
K302Z1B,2016-09-22 11:09:00.000 +0200,460.0,52.4221729,10.7993433,POINT (10.7993433 52.4221729)
K302Z1B,2016-09-22 11:12:00.000 +0200,360.0,52.4221729,10.7993433,POINT (10.7993433 52.4221729)
K302Z1B,2016-09-22 11:15:00.000 +0200,560.0,52.4221729,10.7993433,POINT (10.7993433 52.4221729)
K302Z1B,2016-09-22 11:18:00.000 +0200,580.0,52.4221729,10.7993433,POINT (10.7993433 52.4221729)
K302Z1B,2016-09-22 11:21:00.000 +0200,460.0,52.4221729,10.7993433,POINT (10.7993433 52.4221729)
K302Z1B,2016-09-22 11:24:00.000 +0200,580.0,52.4221729,10.7993433,POINT (10.7993433 52.4221729)
K302Z1B,2016-09-22 11:27:00.000 +0200,560.0,52.4221729,10.7993433,POINT (10.7993433 52.4221729)
K302Z1B,2016-09-22 11:30:00.000 +0200,480.0,52.4221729,10.7993433,POINT (10.7993433 52.4221729)
K302Z1B,2016-09-22 11:33:00.000 +0200,600.0,52.4221729,10.7993433,POINT (10.7993433 52.4221729)
K302Z1B,2016-09-22 11:36:00.000 +0200,400.0,52.4221729,10.7993433,POINT (10.7993433 52.4221729)
K302Z1B,2016-09-22 11:39:00.000 +0200,560.0,52.4221729,10.7993433,POINT (10.7993433 52.4221729)
K302Z1B,2016-09-22 11:42:00.000 +0200,460.0,52.4221729,10.7993433,POINT (10.7993433 52.4221729)
K302Z1B,2016-09-22 11:45:00.000 +0200,380.0,52.4221729,10.7993433,POINT (10.7993433 52.4221729)
K302Z1B,2016-09-22 11:48:00.000 +0200,720.0,52.4221729,10.7993433,POINT (10.7993433 52.4221729)
K302Z1B,2016-09-22 11:51:00.000 +0200,620.0,52.4221729,10.7993433,POINT (10.7993433 52.4221729)
K302Z1B,2016-09-22 11:54:00.000 +0200,380.0,52.4221729,10.7993433,POINT (10.7993433 52.4221729)
K302Z1B,2016-09-22 11:57:00.000 +0200,520.0,52.4221729,10.7993433,POINT (10.7993433 52.4221729)
K302Z1B,2016-09-22 12:00:00.000 +0200,420.0,52.4221729,10.7993433,POINT (10.7993433 52.4221729)
K302Z1B,2016-09-22 12:03:00.000 +0200,380.0,52.4221729,10.7993433,POINT (10.7993433 52.4221729)
K302Z1B,2016-09-22 12:06:00.000 +0200,400.0,52.4221729,10.7993433,POINT (10.7993433 52.4221729)
K302Z1B,2016-09-22 12:09:00.000 +0200,460.0,52.4221729,10.7993433,POINT (10.7993433 52.4221729)
K302Z1B,2016-09-22 12:12:00.000 +0200,320.0,52.4221729,10.7993433,POINT (10.7993433 52.4221729)
K302Z1B,2016-09-22 12:15:00.000 +0200,500.0,52.4221729,10.7993433,POINT (10.7993433 52.4221729)
K302Z1B,2016-09-22 12:18:00.000 +0200,380.0,52.4221729,10.7993433,POINT (10.7993433 52.4221729)
K302Z1B,2016-09-22 12:21:00.000 +0200,520.0,52.4221729,10.7993433,POINT (10.7993433 52.4221729)
K302Z1B,2016-09-22 12:24:00.000 +0200,640.0,52.4221729,10.7993433,POINT (10.7993433 52.4221729)
K302Z1B,2016-09-22 12:27:00.000 +0200,380.0,52.4221729,10.7993433,POINT (10.7993433 52.4221729)
K302Z1B,2016-09-22 12:30:00.000 +0200,580.0,52.4221729,10.7993433,POINT (10.7993433 52.4221729)
K302Z1B,2016-09-22 12:33:00.000 +0200,620.0,52.4221729,10.7993433,POINT (10.7993433 52.4221729)
K302Z1B,2016-09-22 12:36:00.000 +0200,560.0,52.4221729,10.7993433,POINT (10.7993433 52.4221729)
K302Z1B,2016-09-22 12:39:00.000 +0200,380.0,52.4221729,10.7993433,POINT (10.7993433 52.4221729)
K302Z1B,2016-09-22 12:42:00.000 +0200,260.0,52.4221729,10.7993433,POINT (10.7993433 52.4221729)
K302Z1B,2016-09-22 12:45:00.000 +0200,540.0,52.4221729,10.7993433,POINT (10.7993433 52.4221729)
K302Z1B,2016-09-22 12:48:00.000 +0200,520.0,52.4221729,10.7993433,POINT (10.7993433 52.4221729)
K302Z1B,2016-09-22 12:51:00.000 +0200,460.0,52.4221729,10.7993433,POINT (10.7993433 52.4221729)
K302Z1B,2016-09-22 12:54:00.000 +0200,440.0,52.4221729,10.7993433,POINT (10.7993433 52.4221729)
K302Z1B,2016-09-22 12:57:00.000 +0200,440.0,52.4221729,10.7993433,POINT (10.7993433 52.4221729)
K302Z1B,2016-09-22 13:00:00.000 +0200,500.0,52.4221729,10.7993433,POINT (10.7993433 52.4221729)
K302Z1B,2016-09-22 13:03:00.000 +0200,480.0,52.4221729,10.7993433,POINT (10.7993433 52.4221729)
K302Z1B,2016-09-22 13:06:00.000 +0200,500.0,52.4221729,10.7993433,POINT (10.7993433 52.4221729)
K302Z1B,2016-09-22 13:09:00.000 +0200,460.0,52.4221729,10.7993433,POINT (10.7993433 52.4221729)
K302Z1B,2016-09-22 13:12:00.000 +0200,480.0,52.4221729,10.7993433,POINT (10.7993433 52.4221729)
K302Z1B,2016-09-22 13:15:00.000 +0200,520.0,52.4221729,10.7993433,POINT (10.7993433 52.4221729)
K302Z1B,2016-09-22 13:18:00.000 +0200,460.0,52.4221729,10.7993433,POINT (10.7993433 52.4221729)
K302Z1B,2016-09-22 13:21:00.000 +0200,600.0,52.4221729,10.7993433,POINT (10.7993433 52.4221729)
K302Z1B,2016-09-22 13:24:00.000 +0200,340.0,52.4221729,10.7993433,POINT (10.7993433 52.4221729)
K302Z1B,2016-09-22 13:27:00.000 +0200,640.0,52.4221729,10.7993433,POINT (10.7993433 52.4221729)
K302Z1B,2016-09-22 13:30:00.000 +0200,380.0,52.4221729,10.7993433,POINT (10.7993433 52.4221729)
K302Z1B,2016-09-22 13:33:00.000 +0200,560.0,52.4221729,10.7993433,POINT (10.7993433 52.4221729)
K302Z1B,2016-09-22 13:36:00.000 +0200,500.0,52.4221729,10.7993433,POINT (10.7993433 52.4221729)
K302Z1B,2016-09-22 13:39:00.000 +0200,520.0,52.4221729,10.7993433,POINT (10.7993433 52.4221729)
K302Z1B,2016-09-22 13:42:00.000 +0200,580.0,52.4221729,10.7993433,POINT (10.7993433 52.4221729)
K302Z1B,2016-09-22 13:45:00.000 +0200,660.0,52.4221729,10.7993433,POINT (10.7993433 52.4221729)
K302Z1B,2016-09-22 13:48:00.000 +0200,440.0,52.4221729,10.7993433,POINT (10.7993433 52.4221729)
K302Z1B,2016-09-22 13:51:00.000 +0200,220.0,52.4221729,10.7993433,POINT (10.7993433 52.4221729)
K302Z1B,2016-09-22 13:54:00.000 +0200,680.0,52.4221729,10.7993433,POINT (10.7993433 52.4221729)
K302Z1B,2016-09-22 13:57:00.000 +0200,540.0,52.4221729,10.7993433,POINT (10.7993433 52.4221729)
K302Z1B,2016-09-22 14:00:00.000 +0200,420.0,52.4221729,10.7993433,POINT (10.7993433 52.4221729)
K302Z1B,2016-09-22 14:03:00.000 +0200,580.0,52.4221729,10.7993433,POINT (10.7993433 52.4221729)
K302Z1B,2016-09-22 14:06:00.000 +0200,280.0,52.4221729,10.7993433,POINT (10.7993433 52.4221729)
K302Z1B,2016-09-22 14:09:00.000 +0200,620.0,52.4221729,10.7993433,POINT (10.7993433 52.4221729)
K302Z1B,2016-09-22 14:12:00.000 +0200,540.0,52.4221729,10.7993433,POINT (10.7993433 52.4221729)
K302Z1B,2016-09-22 14:15:00.000 +0200,420.0,52.4221729,10.7993433,POINT (10.7993433 52.4221729)
K302Z1B,2016-09-22 14:18:00.000 +0200,600.0,52.4221729,10.7993433,POINT (10.7993433 52.4221729)
K302Z1B,2016-09-22 14:21:00.000 +0200,520.0,52.4221729,10.7993433,POINT (10.7993433 52.4221729)
K302Z1B,2016-09-22 14:24:00.000 +0200,480.0,52.4221729,10.7993433,POINT (10.7993433 52.4221729)
K302Z1B,2016-09-22 14:27:00.000 +0200,580.0,52.4221729,10.7993433,POINT (10.7993433 52.4221729)
K302Z1B,2016-09-22 14:30:00.000 +0200,500.0,52.4221729,10.7993433,POINT (10.7993433 52.4221729)
K302Z1B,2016-09-22 14:33:00.000 +0200,620.0,52.4221729,10.7993433,POINT (10.7993433 52.4221729)
K302Z1B,2016-09-22 14:36:00.000 +0200,500.0,52.4221729,10.7993433,POINT (10.7993433 52.4221729)
K302Z1B,2016-09-22 14:39:00.000 +0200,660.0,52.4221729,10.7993433,POINT (10.7993433 52.4221729)
K302Z1B,2016-09-22 14:42:00.000 +0200,560.0,52.4221729,10.7993433,POINT (10.7993433 52.4221729)
K302Z1B,2016-09-22 14:45:00.000 +0200,760.0,52.4221729,10.7993433,POINT (10.7993433 52.4221729)
K302Z1B,2016-09-22 14:48:00.000 +0200,660.0,52.4221729,10.7993433,POINT (10.7993433 52.4221729)
K302Z1B,2016-09-22 14:51:00.000 +0200,520.0,52.4221729,10.7993433,POINT (10.7993433 52.4221729)
K302Z1B,2016-09-22 14:54:00.000 +0200,480.0,52.4221729,10.7993433,POINT (10.7993433 52.4221729)
K302Z1B,2016-09-22 14:57:00.000 +0200,800.0,52.4221729,10.7993433,POINT (10.7993433 52.4221729)
K302Z1B,2016-09-22 15:00:00.000 +0200,660.0,52.4221729,10.7993433,POINT (10.7993433 52.4221729)
K302Z1B,2016-09-22 15:03:00.000 +0200,420.0,52.4221729,10.7993433,POINT (10.7993433 52.4221729)
K302Z1B,2016-09-22 15:06:00.000 +0200,960.0,52.4221729,10.7993433,POINT (10.7993433 52.4221729)
K302Z1B,2016-09-22 15:09:00.000 +0200,560.0,52.4221729,10.7993433,POINT (10.7993433 52.4221729)
K302Z1B,2016-09-22 15:12:00.000 +0200,540.0,52.4221729,10.7993433,POINT (10.7993433 52.4221729)
K302Z1B,2016-09-22 15:15:00.000 +0200,760.0,52.4221729,10.7993433,POINT (10.7993433 52.4221729)
K302Z1B,2016-09-22 15:18:00.000 +0200,800.0,52.4221729,10.7993433,POINT (10.7993433 52.4221729)
K302Z1B,2016-09-22 15:21:00.000 +0200,800.0,52.4221729,10.7993433,POINT (10.7993433 52.4221729)
K302Z1B,2016-09-22 15:24:00.000 +0200,640.0,52.4221729,10.7993433,POINT (10.7993433 52.4221729)
K302Z1B,2016-09-22 15:27:00.000 +0200,480.0,52.4221729,10.7993433,POINT (10.7993433 52.4221729)
K302Z1B,2016-09-22 15:30:00.000 +0200,500.0,52.4221729,10.7993433,POINT (10.7993433 52.4221729)
K302Z1B,2016-09-22 15:33:00.000 +0200,620.0,52.4221729,10.7993433,POINT (10.7993433 52.4221729)
K302Z1B,2016-09-22 15:36:00.000 +0200,680.0,52.4221729,10.7993433,POINT (10.7993433 52.4221729)
K302Z1B,2016-09-22 15:39:00.000 +0200,920.0,52.4221729,10.7993433,POINT (10.7993433 52.4221729)
K302Z1B,2016-09-22 15:42:00.000 +0200,640.0,52.4221729,10.7993433,POINT (10.7993433 52.4221729)
K302Z1B,2016-09-22 15:45:00.000 +0200,700.0,52.4221729,10.7993433,POINT (10.7993433 52.4221729)
K302Z1B,2016-09-22 15:48:00.000 +0200,680.0,52.4221729,10.7993433,POINT (10.7993433 52.4221729)
K302Z1B,2016-09-22 15:51:00.000 +0200,760.0,52.4221729,10.7993433,POINT (10.7993433 52.4221729)
K302Z1B,2016-09-22 15:54:00.000 +0200,520.0,52.4221729,10.7993433,POINT (10.7993433 52.4221729)
K302Z1B,2016-09-22 15:57:00.000 +0200,740.0,52.4221729,10.7993433,POINT (10.7993433 52.4221729)
K302Z1B,2016-09-22 16:00:00.000 +0200,720.0,52.4221729,10.7993433,POINT (10.7993433 52.4221729)
K302Z1B,2016-09-22 16:03:00.000 +0200,820.0,52.4221729,10.7993433,POINT (10.7993433 52.4221729)
K302Z1B,2016-09-22 16:06:00.000 +0200,940.0,52.4221729,10.7993433,POINT (10.7993433 52.4221729)
K302Z1B,2016-09-22 16:09:00.000 +0200,800.0,52.4221729,10.7993433,POINT (10.7993433 52.4221729)
K302Z1B,2016-09-22 16:12:00.000 +0200,1160.0,52.4221729,10.7993433,POINT (10.7993433 52.4221729)
K302Z1B,2016-09-22 16:15:00.000 +0200,1340.0,52.4221729,10.7993433,POINT (10.7993433 52.4221729)
K302Z1B,2016-09-22 16:18:00.000 +0200,1080.0,52.4221729,10.7993433,POINT (10.7993433 52.4221729)
K302Z1B,2016-09-22 16:21:00.000 +0200,1120.0,52.4221729,10.7993433,POINT (10.7993433 52.4221729)
K302Z1B,2016-09-22 16:24:00.000 +0200,1200.0,52.4221729,10.7993433,POINT (10.7993433 52.4221729)
K302Z1B,2016-09-22 16:27:00.000 +0200,1200.0,52.4221729,10.7993433,POINT (10.7993433 52.4221729)
K302Z1B,2016-09-22 16:30:00.000 +0200,1040.0,52.4221729,10.7993433,POINT (10.7993433 52.4221729)
K302Z1B,2016-09-22 16:33:00.000 +0200,1240.0,52.4221729,10.7993433,POINT (10.7993433 52.4221729)
K302Z1B,2016-09-22 16:36:00.000 +0200,1520.0,52.4221729,10.7993433,POINT (10.7993433 52.4221729)
K302Z1B,2016-09-22 16:39:00.000 +0200,1180.0,52.4221729,10.7993433,POINT (10.7993433 52.4221729)
K302Z1B,2016-09-22 16:42:00.000 +0200,1120.0,52.4221729,10.7993433,POINT (10.7993433 52.4221729)
K302Z1B,2016-09-22 16:45:00.000 +0200,1320.0,52.4221729,10.7993433,POINT (10.7993433 52.4221729)
K302Z1B,2016-09-22 16:48:00.000 +0200,1180.0,52.4221729,10.7993433,POINT (10.7993433 52.4221729)
K302Z1B,2016-09-22 16:51:00.000 +0200,1300.0,52.4221729,10.7993433,POINT (10.7993433 52.4221729)
K302Z1B,2016-09-22 16:54:00.000 +0200,1280.0,52.4221729,10.7993433,POINT (10.7993433 52.4221729)
K302Z1B,2016-09-22 16:57:00.000 +0200,980.0,52.4221729,10.7993433,POINT (10.7993433 52.4221729)
K302Z1B,2016-09-22 17:00:00.000 +0200,800.0,52.4221729,10.7993433,POINT (10.7993433 52.4221729)
K302Z1B,2016-09-22 17:03:00.000 +0200,1260.0,52.4221729,10.7993433,POINT (10.7993433 52.4221729)
K302Z1B,2016-09-22 17:06:00.000 +0200,1120.0,52.4221729,10.7993433,POINT (10.7993433 52.4221729)
K302Z1B,2016-09-22 17:09:00.000 +0200,940.0,52.4221729,10.7993433,POINT (10.7993433 52.4221729)
K302Z1B,2016-09-22 17:12:00.000 +0200,720.0,52.4221729,10.7993433,POINT (10.7993433 52.4221729)
K302Z1B,2016-09-22 17:15:00.000 +0200,940.0,52.4221729,10.7993433,POINT (10.7993433 52.4221729)
K302Z1B,2016-09-22 17:18:00.000 +0200,1660.0,52.4221729,10.7993433,POINT (10.7993433 52.4221729)
K302Z1B,2016-09-22 17:21:00.000 +0200,1300.0,52.4221729,10.7993433,POINT (10.7993433 52.4221729)
K302Z1B,2016-09-22 17:24:00.000 +0200,1140.0,52.4221729,10.7993433,POINT (10.7993433 52.4221729)
K302Z1B,2016-09-22 17:27:00.000 +0200,1120.0,52.4221729,10.7993433,POINT (10.7993433 52.4221729)
K302Z1B,2016-09-22 17:30:00.000 +0200,1280.0,52.4221729,10.7993433,POINT (10.7993433 52.4221729)
K302Z1B,2016-09-22 17:33:00.000 +0200,1320.0,52.4221729,10.7993433,POINT (10.7993433 52.4221729)
K302Z1B,2016-09-22 17:36:00.000 +0200,1380.0,52.4221729,10.7993433,POINT (10.7993433 52.4221729)
K302Z1B,2016-09-22 17:39:00.000 +0200,1220.0,52.4221729,10.7993433,POINT (10.7993433 52.4221729)
K302Z1B,2016-09-22 17:42:00.000 +0200,1200.0,52.4221729,10.7993433,POINT (10.7993433 52.4221729)
K302Z1B,2016-09-22 17:45:00.000 +0200,1180.0,52.4221729,10.7993433,POINT (10.7993433 52.4221729)
K302Z1B,2016-09-22 17:48:00.000 +0200,1360.0,52.4221729,10.7993433,POINT (10.7993433 52.4221729)
K302Z1B,2016-09-22 17:51:00.000 +0200,1280.0,52.4221729,10.7993433,POINT (10.7993433 52.4221729)
K302Z1B,2016-09-22 17:54:00.000 +0200,1060.0,52.4221729,10.7993433,POINT (10.7993433 52.4221729)
K302Z1B,2016-09-22 17:57:00.000 +0200,1160.0,52.4221729,10.7993433,POINT (10.7993433 52.4221729)
K302Z1B,2016-09-22 18:00:00.000 +0200,1040.0,52.4221729,10.7993433,POINT (10.7993433 52.4221729)
K302Z1B,2016-09-22 18:03:00.000 +0200,1380.0,52.4221729,10.7993433,POINT (10.7993433 52.4221729)
K302Z1B,2016-09-22 18:06:00.000 +0200,1480.0,52.4221729,10.7993433,POINT (10.7993433 52.4221729)
K302Z1B,2016-09-22 18:09:00.000 +0200,1280.0,52.4221729,10.7993433,POINT (10.7993433 52.4221729)
K302Z1B,2016-09-22 18:12:00.000 +0200,1040.0,52.4221729,10.7993433,POINT (10.7993433 52.4221729)
K302Z1B,2016-09-22 18:15:00.000 +0200,1180.0,52.4221729,10.7993433,POINT (10.7993433 52.4221729)
K302Z1B,2016-09-22 18:18:00.000 +0200,1380.0,52.4221729,10.7993433,POINT (10.7993433 52.4221729)
K302Z1B,2016-09-22 18:21:00.000 +0200,1320.0,52.4221729,10.7993433,POINT (10.7993433 52.4221729)
K302Z1B,2016-09-22 18:24:00.000 +0200,1280.0,52.4221729,10.7993433,POINT (10.7993433 52.4221729)
K302Z1B,2016-09-22 18:27:00.000 +0200,1240.0,52.4221729,10.7993433,POINT (10.7993433 52.4221729)
K302Z1B,2016-09-22 18:30:00.000 +0200,1200.0,52.4221729,10.7993433,POINT (10.7993433 52.4221729)
K302Z1B,2016-09-22 18:33:00.000 +0200,1020.0,52.4221729,10.7993433,POINT (10.7993433 52.4221729)
K302Z1B,2016-09-22 18:36:00.000 +0200,1300.0,52.4221729,10.7993433,POINT (10.7993433 52.4221729)
K302Z1B,2016-09-22 18:39:00.000 +0200,1200.0,52.4221729,10.7993433,POINT (10.7993433 52.4221729)
K302Z1B,2016-09-22 18:42:00.000 +0200,1040.0,52.4221729,10.7993433,POINT (10.7993433 52.4221729)
K302Z1B,2016-09-22 18:45:00.000 +0200,1060.0,52.4221729,10.7993433,POINT (10.7993433 52.4221729)
K302Z1B,2016-09-22 18:48:00.000 +0200,1220.0,52.4221729,10.7993433,POINT (10.7993433 52.4221729)
K302Z1B,2016-09-22 18:51:00.000 +0200,1200.0,52.4221729,10.7993433,POINT (10.7993433 52.4221729)
K302Z1B,2016-09-22 18:54:00.000 +0200,1120.0,52.4221729,10.7993433,POINT (10.7993433 52.4221729)
K302Z1B,2016-09-22 18:57:00.000 +0200,1200.0,52.4221729,10.7993433,POINT (10.7993433 52.4221729)
K302Z1B,2016-09-22 19:00:00.000 +0200,980.0,52.4221729,10.7993433,POINT (10.7993433 52.4221729)
K302Z1B,2016-09-22 19:03:00.000 +0200,920.0,52.4221729,10.7993433,POINT (10.7993433 52.4221729)
K302Z1B,2016-09-22 19:06:00.000 +0200,1180.0,52.4221729,10.7993433,POINT (10.7993433 52.4221729)
K302Z1B,2016-09-22 19:09:00.000 +0200,1240.0,52.4221729,10.7993433,POINT (10.7993433 52.4221729)
K302Z1B,2016-09-22 19:12:00.000 +0200,880.0,52.4221729,10.7993433,POINT (10.7993433 52.4221729)
K302Z1B,2016-09-22 19:15:00.000 +0200,800.0,52.4221729,10.7993433,POINT (10.7993433 52.4221729)
K302Z1B,2016-09-22 19:18:00.000 +0200,1260.0,52.4221729,10.7993433,POINT (10.7993433 52.4221729)
K302Z1B,2016-09-22 19:21:00.000 +0200,1500.0,52.4221729,10.7993433,POINT (10.7993433 52.4221729)
K302Z1B,2016-09-22 19:24:00.000 +0200,1060.0,52.4221729,10.7993433,POINT (10.7993433 52.4221729)
K302Z1B,2016-09-22 19:27:00.000 +0200,1040.0,52.4221729,10.7993433,POINT (10.7993433 52.4221729)
K302Z1B,2016-09-22 19:30:00.000 +0200,1300.0,52.4221729,10.7993433,POINT (10.7993433 52.4221729)
K302Z1B,2016-09-22 19:33:00.000 +0200,900.0,52.4221729,10.7993433,POINT (10.7993433 52.4221729)
K302Z1B,2016-09-22 19:36:00.000 +0200,1240.0,52.4221729,10.7993433,POINT (10.7993433 52.4221729)
K302Z1B,2016-09-22 19:39:00.000 +0200,900.0,52.4221729,10.7993433,POINT (10.7993433 52.4221729)
K302Z1B,2016-09-22 19:42:00.000 +0200,860.0,52.4221729,10.7993433,POINT (10.7993433 52.4221729)
K302Z1B,2016-09-22 19:45:00.000 +0200,780.0,52.4221729,10.7993433,POINT (10.7993433 52.4221729)
K302Z1B,2016-09-22 19:48:00.000 +0200,700.0,52.4221729,10.7993433,POINT (10.7993433 52.4221729)
K302Z1B,2016-09-22 19:51:00.000 +0200,860.0,52.4221729,10.7993433,POINT (10.7993433 52.4221729)
K302Z1B,2016-09-22 19:54:00.000 +0200,960.0,52.4221729,10.7993433,POINT (10.7993433 52.4221729)
K302Z1B,2016-09-22 19:57:00.000 +0200,780.0,52.4221729,10.7993433,POINT (10.7993433 52.4221729)
K302Z1B,2016-09-22 20:00:00.000 +0200,740.0,52.4221729,10.7993433,POINT (10.7993433 52.4221729)
K302Z1B,2016-09-22 20:03:00.000 +0200,860.0,52.4221729,10.7993433,POINT (10.7993433 52.4221729)
K302Z1B,2016-09-22 20:06:00.000 +0200,1000.0,52.4221729,10.7993433,POINT (10.7993433 52.4221729)
K302Z1B,2016-09-22 20:09:00.000 +0200,960.0,52.4221729,10.7993433,POINT (10.7993433 52.4221729)
K302Z1B,2016-09-22 20:12:00.000 +0200,780.0,52.4221729,10.7993433,POINT (10.7993433 52.4221729)
K302Z1B,2016-09-22 20:15:00.000 +0200,960.0,52.4221729,10.7993433,POINT (10.7993433 52.4221729)
K302Z1B,2016-09-22 20:18:00.000 +0200,820.0,52.4221729,10.7993433,POINT (10.7993433 52.4221729)
K302Z1B,2016-09-22 20:21:00.000 +0200,720.0,52.4221729,10.7993433,POINT (10.7993433 52.4221729)
K302Z1B,2016-09-22 20:24:00.000 +0200,1020.0,52.4221729,10.7993433,POINT (10.7993433 52.4221729)
K302Z1B,2016-09-22 20:27:00.000 +0200,820.0,52.4221729,10.7993433,POINT (10.7993433 52.4221729)
K302Z1B,2016-09-22 20:30:00.000 +0200,620.0,52.4221729,10.7993433,POINT (10.7993433 52.4221729)
K302Z1B,2016-09-22 20:33:00.000 +0200,860.0,52.4221729,10.7993433,POINT (10.7993433 52.4221729)
K302Z1B,2016-09-22 20:36:00.000 +0200,720.0,52.4221729,10.7993433,POINT (10.7993433 52.4221729)
K302Z1B,2016-09-22 20:39:00.000 +0200,500.0,52.4221729,10.7993433,POINT (10.7993433 52.4221729)
K302Z1B,2016-09-22 20:42:00.000 +0200,600.0,52.4221729,10.7993433,POINT (10.7993433 52.4221729)
K302Z1B,2016-09-22 20:45:00.000 +0200,1040.0,52.4221729,10.7993433,POINT (10.7993433 52.4221729)
K302Z1B,2016-09-22 20:48:00.000 +0200,600.0,52.4221729,10.7993433,POINT (10.7993433 52.4221729)
K302Z1B,2016-09-22 20:51:00.000 +0200,740.0,52.4221729,10.7993433,POINT (10.7993433 52.4221729)
K302Z1B,2016-09-22 20:54:00.000 +0200,720.0,52.4221729,10.7993433,POINT (10.7993433 52.4221729)
K302Z1B,2016-09-22 20:57:00.000 +0200,460.0,52.4221729,10.7993433,POINT (10.7993433 52.4221729)
K302Z1B,2016-09-22 21:00:00.000 +0200,560.0,52.4221729,10.7993433,POINT (10.7993433 52.4221729)
K302Z1B,2016-09-22 21:03:00.000 +0200,900.0,52.4221729,10.7993433,POINT (10.7993433 52.4221729)
K302Z1B,2016-09-22 21:06:00.000 +0200,520.0,52.4221729,10.7993433,POINT (10.7993433 52.4221729)
K302Z1B,2016-09-22 21:09:00.000 +0200,720.0,52.4221729,10.7993433,POINT (10.7993433 52.4221729)
K302Z1B,2016-09-22 21:12:00.000 +0200,700.0,52.4221729,10.7993433,POINT (10.7993433 52.4221729)
K302Z1B,2016-09-22 21:15:00.000 +0200,480.0,52.4221729,10.7993433,POINT (10.7993433 52.4221729)
K302Z1B,2016-09-22 21:18:00.000 +0200,460.0,52.4221729,10.7993433,POINT (10.7993433 52.4221729)
K302Z1B,2016-09-22 21:21:00.000 +0200,540.0,52.4221729,10.7993433,POINT (10.7993433 52.4221729)
K302Z1B,2016-09-22 21:24:00.000 +0200,400.0,52.4221729,10.7993433,POINT (10.7993433 52.4221729)
K302Z1B,2016-09-22 21:27:00.000 +0200,620.0,52.4221729,10.7993433,POINT (10.7993433 52.4221729)
K302Z1B,2016-09-22 21:30:00.000 +0200,380.0,52.4221729,10.7993433,POINT (10.7993433 52.4221729)
K302Z1B,2016-09-22 21:33:00.000 +0200,740.0,52.4221729,10.7993433,POINT (10.7993433 52.4221729)
K302Z1B,2016-09-22 21:36:00.000 +0200,580.0,52.4221729,10.7993433,POINT (10.7993433 52.4221729)
K302Z1B,2016-09-22 21:39:00.000 +0200,460.0,52.4221729,10.7993433,POINT (10.7993433 52.4221729)
K302Z1B,2016-09-22 21:42:00.000 +0200,580.0,52.4221729,10.7993433,POINT (10.7993433 52.4221729)
K302Z1B,2016-09-22 21:45:00.000 +0200,420.0,52.4221729,10.7993433,POINT (10.7993433 52.4221729)
K302Z1B,2016-09-22 21:48:00.000 +0200,500.0,52.4221729,10.7993433,POINT (10.7993433 52.4221729)
K302Z1B,2016-09-22 21:51:00.000 +0200,520.0,52.4221729,10.7993433,POINT (10.7993433 52.4221729)
K302Z1B,2016-09-22 21:54:00.000 +0200,280.0,52.4221729,10.7993433,POINT (10.7993433 52.4221729)
K302Z1B,2016-09-22 21:57:00.000 +0200,480.0,52.4221729,10.7993433,POINT (10.7993433 52.4221729)
K302Z1B,2016-09-22 22:00:00.000 +0200,480.0,52.4221729,10.7993433,POINT (10.7993433 52.4221729)
K302Z1B,2016-09-22 22:03:00.000 +0200,300.0,52.4221729,10.7993433,POINT (10.7993433 52.4221729)
K302Z1B,2016-09-22 22:06:00.000 +0200,440.0,52.4221729,10.7993433,POINT (10.7993433 52.4221729)
K302Z1B,2016-09-22 22:09:00.000 +0200,480.0,52.4221729,10.7993433,POINT (10.7993433 52.4221729)
K302Z1B,2016-09-22 22:12:00.000 +0200,520.0,52.4221729,10.7993433,POINT (10.7993433 52.4221729)
K302Z1B,2016-09-22 22:15:00.000 +0200,260.0,52.4221729,10.7993433,POINT (10.7993433 52.4221729)
K302Z1B,2016-09-22 22:18:00.000 +0200,240.0,52.4221729,10.7993433,POINT (10.7993433 52.4221729)
K302Z1B,2016-09-22 22:21:00.000 +0200,220.0,52.4221729,10.7993433,POINT (10.7993433 52.4221729)
K302Z1B,2016-09-22 22:24:00.000 +0200,300.0,52.4221729,10.7993433,POINT (10.7993433 52.4221729)
K302Z1B,2016-09-22 22:27:00.000 +0200,360.0,52.4221729,10.7993433,POINT (10.7993433 52.4221729)
K302Z1B,2016-09-22 22:30:00.000 +0200,100.0,52.4221729,10.7993433,POINT (10.7993433 52.4221729)
K302Z1B,2016-09-22 22:33:00.000 +0200,320.0,52.4221729,10.7993433,POINT (10.7993433 52.4221729)
K302Z1B,2016-09-22 22:36:00.000 +0200,200.0,52.4221729,10.7993433,POINT (10.7993433 52.4221729)
K302Z1B,2016-09-22 22:39:00.000 +0200,220.0,52.4221729,10.7993433,POINT (10.7993433 52.4221729)
K302Z1B,2016-09-22 22:42:00.000 +0200,220.0,52.4221729,10.7993433,POINT (10.7993433 52.4221729)
K302Z1B,2016-09-22 22:45:00.000 +0200,320.0,52.4221729,10.7993433,POINT (10.7993433 52.4221729)
K302Z1B,2016-09-22 22:48:00.000 +0200,140.0,52.4221729,10.7993433,POINT (10.7993433 52.4221729)
K302Z1B,2016-09-22 22:51:00.000 +0200,260.0,52.4221729,10.7993433,POINT (10.7993433 52.4221729)
K302Z1B,2016-09-22 22:54:00.000 +0200,280.0,52.4221729,10.7993433,POINT (10.7993433 52.4221729)
K302Z1B,2016-09-22 22:57:00.000 +0200,240.0,52.4221729,10.7993433,POINT (10.7993433 52.4221729)
K302Z1B,2016-09-22 23:00:00.000 +0200,280.0,52.4221729,10.7993433,POINT (10.7993433 52.4221729)
K302Z1B,2016-09-22 23:03:00.000 +0200,320.0,52.4221729,10.7993433,POINT (10.7993433 52.4221729)
K302Z1B,2016-09-22 23:06:00.000 +0200,180.0,52.4221729,10.7993433,POINT (10.7993433 52.4221729)
K302Z1B,2016-09-22 23:09:00.000 +0200,400.0,52.4221729,10.7993433,POINT (10.7993433 52.4221729)
K302Z1B,2016-09-22 23:12:00.000 +0200,420.0,52.4221729,10.7993433,POINT (10.7993433 52.4221729)
K302Z1B,2016-09-22 23:15:00.000 +0200,300.0,52.4221729,10.7993433,POINT (10.7993433 52.4221729)
K302Z1B,2016-09-22 23:18:00.000 +0200,320.0,52.4221729,10.7993433,POINT (10.7993433 52.4221729)
K302Z1B,2016-09-22 23:21:00.000 +0200,220.0,52.4221729,10.7993433,POINT (10.7993433 52.4221729)
K302Z1B,2016-09-22 23:24:00.000 +0200,160.0,52.4221729,10.7993433,POINT (10.7993433 52.4221729)
K302Z1B,2016-09-22 23:27:00.000 +0200,280.0,52.4221729,10.7993433,POINT (10.7993433 52.4221729)
K302Z1B,2016-09-22 23:30:00.000 +0200,260.0,52.4221729,10.7993433,POINT (10.7993433 52.4221729)
K302Z1B,2016-09-22 23:33:00.000 +0200,300.0,52.4221729,10.7993433,POINT (10.7993433 52.4221729)
K302Z1B,2016-09-22 23:36:00.000 +0200,220.0,52.4221729,10.7993433,POINT (10.7993433 52.4221729)
K302Z1B,2016-09-22 23:39:00.000 +0200,140.0,52.4221729,10.7993433,POINT (10.7993433 52.4221729)
K302Z1B,2016-09-22 23:42:00.000 +0200,240.0,52.4221729,10.7993433,POINT (10.7993433 52.4221729)
K302Z1B,2016-09-22 23:45:00.000 +0200,100.0,52.4221729,10.7993433,POINT (10.7993433 52.4221729)
K302Z1B,2016-09-22 23:48:00.000 +0200,200.0,52.4221729,10.7993433,POINT (10.7993433 52.4221729)
K302Z1B,2016-09-22 23:51:00.000 +0200,120.0,52.4221729,10.7993433,POINT (10.7993433 52.4221729)
K302Z1B,2016-09-22 23:54:00.000 +0200,40.0,52.4221729,10.7993433,POINT (10.7993433 52.4221729)
K302Z1B,2016-09-22 23:57:00.000 +0200,280.0,52.4221729,10.7993433,POINT (10.7993433 52.4221729)
K302Z1B,2016-09-23 00:00:00.000 +0200,320.0,52.4221729,10.7993433,POINT (10.7993433 52.4221729)
K302Z1B,2016-09-23 00:03:00.000 +0200,260.0,52.4221729,10.7993433,POINT (10.7993433 52.4221729)
K302Z1B,2016-09-23 00:06:00.000 +0200,420.0,52.4221729,10.7993433,POINT (10.7993433 52.4221729)
K302Z1B,2016-09-23 00:09:00.000 +0200,680.0,52.4221729,10.7993433,POINT (10.7993433 52.4221729)
K302Z1B,2016-09-23 00:12:00.000 +0200,1000.0,52.4221729,10.7993433,POINT (10.7993433 52.4221729)
K302Z1B,2016-09-23 00:15:00.000 +0200,920.0,52.4221729,10.7993433,POINT (10.7993433 52.4221729)
K302Z1B,2016-09-23 00:18:00.000 +0200,820.0,52.4221729,10.7993433,POINT (10.7993433 52.4221729)
K302Z1B,2016-09-23 00:21:00.000 +0200,1100.0,52.4221729,10.7993433,POINT (10.7993433 52.4221729)
K302Z1B,2016-09-23 00:24:00.000 +0200,1080.0,52.4221729,10.7993433,POINT (10.7993433 52.4221729)
K302Z1B,2016-09-23 00:27:00.000 +0200,620.0,52.4221729,10.7993433,POINT (10.7993433 52.4221729)
K302Z1B,2016-09-23 00:30:00.000 +0200,540.0,52.4221729,10.7993433,POINT (10.7993433 52.4221729)
K302Z1B,2016-09-23 00:33:00.000 +0200,780.0,52.4221729,10.7993433,POINT (10.7993433 52.4221729)
K302Z1B,2016-09-23 00:36:00.000 +0200,680.0,52.4221729,10.7993433,POINT (10.7993433 52.4221729)
K302Z1B,2016-09-23 00:39:00.000 +0200,560.0,52.4221729,10.7993433,POINT (10.7993433 52.4221729)
K302Z1B,2016-09-23 00:42:00.000 +0200,600.0,52.4221729,10.7993433,POINT (10.7993433 52.4221729)
K302Z1B,2016-09-23 00:45:00.000 +0200,520.0,52.4221729,10.7993433,POINT (10.7993433 52.4221729)
K302Z1B,2016-09-23 00:48:00.000 +0200,400.0,52.4221729,10.7993433,POINT (10.7993433 52.4221729)
K302Z1B,2016-09-23 00:51:00.000 +0200,420.0,52.4221729,10.7993433,POINT (10.7993433 52.4221729)
K302Z1B,2016-09-23 00:54:00.000 +0200,360.0,52.4221729,10.7993433,POINT (10.7993433 52.4221729)
K302Z1B,2016-09-23 00:57:00.000 +0200,360.0,52.4221729,10.7993433,POINT (10.7993433 52.4221729)
K302Z1B,2016-09-23 01:00:00.000 +0200,180.0,52.4221729,10.7993433,POINT (10.7993433 52.4221729)
K302Z1B,2016-09-23 01:03:00.000 +0200,200.0,52.4221729,10.7993433,POINT (10.7993433 52.4221729)
K302Z1B,2016-09-23 01:06:00.000 +0200,240.0,52.4221729,10.7993433,POINT (10.7993433 52.4221729)
K302Z1B,2016-09-23 01:09:00.000 +0200,160.0,52.4221729,10.7993433,POINT (10.7993433 52.4221729)
K302Z1B,2016-09-23 01:12:00.000 +0200,80.0,52.4221729,10.7993433,POINT (10.7993433 52.4221729)
K302Z1B,2016-09-23 01:15:00.000 +0200,120.0,52.4221729,10.7993433,POINT (10.7993433 52.4221729)
K302Z1B,2016-09-23 01:18:00.000 +0200,80.0,52.4221729,10.7993433,POINT (10.7993433 52.4221729)
K302Z1B,2016-09-23 01:21:00.000 +0200,120.0,52.4221729,10.7993433,POINT (10.7993433 52.4221729)
K302Z1B,2016-09-23 01:24:00.000 +0200,120.0,52.4221729,10.7993433,POINT (10.7993433 52.4221729)
K302Z1B,2016-09-23 01:27:00.000 +0200,60.0,52.4221729,10.7993433,POINT (10.7993433 52.4221729)
K302Z1B,2016-09-23 01:30:00.000 +0200,20.0,52.4221729,10.7993433,POINT (10.7993433 52.4221729)
K302Z1B,2016-09-23 01:33:00.000 +0200,60.0,52.4221729,10.7993433,POINT (10.7993433 52.4221729)
K302Z1B,2016-09-23 01:36:00.000 +0200,20.0,52.4221729,10.7993433,POINT (10.7993433 52.4221729)
K302Z1B,2016-09-23 01:39:00.000 +0200,120.0,52.4221729,10.7993433,POINT (10.7993433 52.4221729)
K302Z1B,2016-09-23 01:42:00.000 +0200,20.0,52.4221729,10.7993433,POINT (10.7993433 52.4221729)
K302Z1B,2016-09-23 01:45:00.000 +0200,40.0,52.4221729,10.7993433,POINT (10.7993433 52.4221729)
K302Z1B,2016-09-23 01:48:00.000 +0200,20.0,52.4221729,10.7993433,POINT (10.7993433 52.4221729)
K302Z1B,2016-09-23 01:51:00.000 +0200,20.0,52.4221729,10.7993433,POINT (10.7993433 52.4221729)
K302Z1B,2016-09-23 01:54:00.000 +0200,40.0,52.4221729,10.7993433,POINT (10.7993433 52.4221729)
K302Z1B,2016-09-23 01:57:00.000 +0200,60.0,52.4221729,10.7993433,POINT (10.7993433 52.4221729)
K302Z1B,2016-09-23 02:00:00.000 +0200,40.0,52.4221729,10.7993433,POINT (10.7993433 52.4221729)
K302Z1B,2016-09-23 02:03:00.000 +0200,60.0,52.4221729,10.7993433,POINT (10.7993433 52.4221729)
K302Z1B,2016-09-23 02:06:00.000 +0200,80.0,52.4221729,10.7993433,POINT (10.7993433 52.4221729)
K302Z1B,2016-09-23 02:09:00.000 +0200,40.0,52.4221729,10.7993433,POINT (10.7993433 52.4221729)
K302Z1B,2016-09-23 02:12:00.000 +0200,60.0,52.4221729,10.7993433,POINT (10.7993433 52.4221729)
K302Z1B,2016-09-23 02:15:00.000 +0200,60.0,52.4221729,10.7993433,POINT (10.7993433 52.4221729)
K302Z1B,2016-09-23 02:18:00.000 +0200,40.0,52.4221729,10.7993433,POINT (10.7993433 52.4221729)
K302Z1B,2016-09-23 02:21:00.000 +0200,20.0,52.4221729,10.7993433,POINT (10.7993433 52.4221729)
K302Z1B,2016-09-23 02:24:00.000 +0200,40.0,52.4221729,10.7993433,POINT (10.7993433 52.4221729)
K302Z1B,2016-09-23 02:27:00.000 +0200,80.0,52.4221729,10.7993433,POINT (10.7993433 52.4221729)
K302Z1B,2016-09-23 02:30:00.000 +0200,0.0,52.4221729,10.7993433,POINT (10.7993433 52.4221729)
K302Z1B,2016-09-23 02:33:00.000 +0200,60.0,52.4221729,10.7993433,POINT (10.7993433 52.4221729)
K302Z1B,2016-09-23 02:36:00.000 +0200,0.0,52.4221729,10.7993433,POINT (10.7993433 52.4221729)
K302Z1B,2016-09-23 02:39:00.000 +0200,0.0,52.4221729,10.7993433,POINT (10.7993433 52.4221729)
K302Z1B,2016-09-23 02:42:00.000 +0200,40.0,52.4221729,10.7993433,POINT (10.7993433 52.4221729)
K302Z1B,2016-09-23 02:45:00.000 +0200,60.0,52.4221729,10.7993433,POINT (10.7993433 52.4221729)
K302Z1B,2016-09-23 02:48:00.000 +0200,40.0,52.4221729,10.7993433,POINT (10.7993433 52.4221729)
K302Z1B,2016-09-23 02:51:00.000 +0200,0.0,52.4221729,10.7993433,POINT (10.7993433 52.4221729)
K302Z1B,2016-09-23 02:54:00.000 +0200,40.0,52.4221729,10.7993433,POINT (10.7993433 52.4221729)
K302Z1B,2016-09-23 02:57:00.000 +0200,0.0,52.4221729,10.7993433,POINT (10.7993433 52.4221729)
K302Z1B,2016-09-23 03:00:00.000 +0200,40.0,52.4221729,10.7993433,POINT (10.7993433 52.4221729)
K302Z1B,2016-09-23 03:03:00.000 +0200,20.0,52.4221729,10.7993433,POINT (10.7993433 52.4221729)
K302Z1B,2016-09-23 03:06:00.000 +0200,20.0,52.4221729,10.7993433,POINT (10.7993433 52.4221729)
K302Z1B,2016-09-23 03:09:00.000 +0200,20.0,52.4221729,10.7993433,POINT (10.7993433 52.4221729)
K302Z1B,2016-09-23 03:12:00.000 +0200,20.0,52.4221729,10.7993433,POINT (10.7993433 52.4221729)
K302Z1B,2016-09-23 03:15:00.000 +0200,40.0,52.4221729,10.7993433,POINT (10.7993433 52.4221729)
K302Z1B,2016-09-23 03:18:00.000 +0200,40.0,52.4221729,10.7993433,POINT (10.7993433 52.4221729)
K302Z1B,2016-09-23 03:21:00.000 +0200,20.0,52.4221729,10.7993433,POINT (10.7993433 52.4221729)
K302Z1B,2016-09-23 03:24:00.000 +0200,40.0,52.4221729,10.7993433,POINT (10.7993433 52.4221729)
K302Z1B,2016-09-23 03:27:00.000 +0200,40.0,52.4221729,10.7993433,POINT (10.7993433 52.4221729)
K302Z1B,2016-09-23 03:30:00.000 +0200,0.0,52.4221729,10.7993433,POINT (10.7993433 52.4221729)
K302Z1B,2016-09-23 03:33:00.000 +0200,20.0,52.4221729,10.7993433,POINT (10.7993433 52.4221729)
K302Z1B,2016-09-23 03:36:00.000 +0200,20.0,52.4221729,10.7993433,POINT (10.7993433 52.4221729)
K302Z1B,2016-09-23 03:39:00.000 +0200,0.0,52.4221729,10.7993433,POINT (10.7993433 52.4221729)
K302Z1B,2016-09-23 03:42:00.000 +0200,0.0,52.4221729,10.7993433,POINT (10.7993433 52.4221729)
K302Z1B,2016-09-23 03:45:00.000 +0200,0.0,52.4221729,10.7993433,POINT (10.7993433 52.4221729)
K302Z1B,2016-09-23 03:48:00.000 +0200,20.0,52.4221729,10.7993433,POINT (10.7993433 52.4221729)
K302Z1B,2016-09-23 03:51:00.000 +0200,0.0,52.4221729,10.7993433,POINT (10.7993433 52.4221729)
K302Z1B,2016-09-23 03:54:00.000 +0200,0.0,52.4221729,10.7993433,POINT (10.7993433 52.4221729)
K302Z1B,2016-09-23 03:57:00.000 +0200,20.0,52.4221729,10.7993433,POINT (10.7993433 52.4221729)
K302Z1B,2016-09-23 04:00:00.000 +0200,40.0,52.4221729,10.7993433,POINT (10.7993433 52.4221729)
K302Z1B,2016-09-23 04:03:00.000 +0200,0.0,52.4221729,10.7993433,POINT (10.7993433 52.4221729)
K302Z1B,2016-09-23 04:06:00.000 +0200,0.0,52.4221729,10.7993433,POINT (10.7993433 52.4221729)
K302Z1B,2016-09-23 04:09:00.000 +0200,20.0,52.4221729,10.7993433,POINT (10.7993433 52.4221729)
K302Z1B,2016-09-23 04:12:00.000 +0200,0.0,52.4221729,10.7993433,POINT (10.7993433 52.4221729)
K302Z1B,2016-09-23 04:15:00.000 +0200,0.0,52.4221729,10.7993433,POINT (10.7993433 52.4221729)
K302Z1B,2016-09-23 04:18:00.000 +0200,0.0,52.4221729,10.7993433,POINT (10.7993433 52.4221729)
K302Z1B,2016-09-23 04:21:00.000 +0200,0.0,52.4221729,10.7993433,POINT (10.7993433 52.4221729)
K302Z1B,2016-09-23 04:24:00.000 +0200,0.0,52.4221729,10.7993433,POINT (10.7993433 52.4221729)
K302Z1B,2016-09-23 04:27:00.000 +0200,0.0,52.4221729,10.7993433,POINT (10.7993433 52.4221729)
K302Z1B,2016-09-23 04:30:00.000 +0200,40.0,52.4221729,10.7993433,POINT (10.7993433 52.4221729)
K302Z1B,2016-09-23 04:33:00.000 +0200,20.0,52.4221729,10.7993433,POINT (10.7993433 52.4221729)
K302Z1B,2016-09-23 04:36:00.000 +0200,40.0,52.4221729,10.7993433,POINT (10.7993433 52.4221729)
K302Z1B,2016-09-23 04:39:00.000 +0200,20.0,52.4221729,10.7993433,POINT (10.7993433 52.4221729)
K302Z1B,2016-09-23 04:42:00.000 +0200,0.0,52.4221729,10.7993433,POINT (10.7993433 52.4221729)
K302Z1B,2016-09-23 04:45:00.000 +0200,60.0,52.4221729,10.7993433,POINT (10.7993433 52.4221729)
K302Z1B,2016-09-23 04:48:00.000 +0200,0.0,52.4221729,10.7993433,POINT (10.7993433 52.4221729)
K302Z1B,2016-09-23 04:51:00.000 +0200,0.0,52.4221729,10.7993433,POINT (10.7993433 52.4221729)
K302Z1B,2016-09-23 04:54:00.000 +0200,0.0,52.4221729,10.7993433,POINT (10.7993433 52.4221729)
K302Z1B,2016-09-23 04:57:00.000 +0200,0.0,52.4221729,10.7993433,POINT (10.7993433 52.4221729)
K302Z1B,2016-09-23 05:00:00.000 +0200,20.0,52.4221729,10.7993433,POINT (10.7993433 52.4221729)
K302Z1B,2016-09-23 05:03:00.000 +0200,20.0,52.4221729,10.7993433,POINT (10.7993433 52.4221729)
K302Z1B,2016-09-23 05:06:00.000 +0200,20.0,52.4221729,10.7993433,POINT (10.7993433 52.4221729)
K302Z1B,2016-09-23 05:09:00.000 +0200,0.0,52.4221729,10.7993433,POINT (10.7993433 52.4221729)
K302Z1B,2016-09-23 05:12:00.000 +0200,0.0,52.4221729,10.7993433,POINT (10.7993433 52.4221729)
K302Z1B,2016-09-23 05:15:00.000 +0200,0.0,52.4221729,10.7993433,POINT (10.7993433 52.4221729)
K302Z1B,2016-09-23 05:18:00.000 +0200,20.0,52.4221729,10.7993433,POINT (10.7993433 52.4221729)
K302Z1B,2016-09-23 05:21:00.000 +0200,20.0,52.4221729,10.7993433,POINT (10.7993433 52.4221729)
K302Z1B,2016-09-23 05:24:00.000 +0200,0.0,52.4221729,10.7993433,POINT (10.7993433 52.4221729)
K302Z1B,2016-09-23 05:27:00.000 +0200,0.0,52.4221729,10.7993433,POINT (10.7993433 52.4221729)
K302Z1B,2016-09-23 05:30:00.000 +0200,0.0,52.4221729,10.7993433,POINT (10.7993433 52.4221729)
K302Z1B,2016-09-23 05:33:00.000 +0200,40.0,52.4221729,10.7993433,POINT (10.7993433 52.4221729)
K302Z1B,2016-09-23 05:36:00.000 +0200,0.0,52.4221729,10.7993433,POINT (10.7993433 52.4221729)
K302Z1B,2016-09-23 05:39:00.000 +0200,40.0,52.4221729,10.7993433,POINT (10.7993433 52.4221729)
K302Z1B,2016-09-23 05:42:00.000 +0200,0.0,52.4221729,10.7993433,POINT (10.7993433 52.4221729)
K302Z1B,2016-09-23 05:45:00.000 +0200,20.0,52.4221729,10.7993433,POINT (10.7993433 52.4221729)
K302Z1B,2016-09-23 05:48:00.000 +0200,0.0,52.4221729,10.7993433,POINT (10.7993433 52.4221729)
K302Z1B,2016-09-23 05:51:00.000 +0200,20.0,52.4221729,10.7993433,POINT (10.7993433 52.4221729)
K302Z1B,2016-09-23 05:54:00.000 +0200,20.0,52.4221729,10.7993433,POINT (10.7993433 52.4221729)
K302Z1B,2016-09-23 05:57:00.000 +0200,20.0,52.4221729,10.7993433,POINT (10.7993433 52.4221729)
K302Z1B,2016-09-23 06:00:00.000 +0200,0.0,52.4221729,10.7993433,POINT (10.7993433 52.4221729)
K302Z1B,2016-09-23 06:03:00.000 +0200,20.0,52.4221729,10.7993433,POINT (10.7993433 52.4221729)
K302Z1B,2016-09-23 06:06:00.000 +0200,0.0,52.4221729,10.7993433,POINT (10.7993433 52.4221729)
K302Z1B,2016-09-23 06:09:00.000 +0200,20.0,52.4221729,10.7993433,POINT (10.7993433 52.4221729)
K302Z1B,2016-09-23 06:12:00.000 +0200,0.0,52.4221729,10.7993433,POINT (10.7993433 52.4221729)
K302Z1B,2016-09-23 06:15:00.000 +0200,40.0,52.4221729,10.7993433,POINT (10.7993433 52.4221729)
K302Z1B,2016-09-23 06:18:00.000 +0200,20.0,52.4221729,10.7993433,POINT (10.7993433 52.4221729)
K302Z1B,2016-09-23 06:21:00.000 +0200,0.0,52.4221729,10.7993433,POINT (10.7993433 52.4221729)
K302Z1B,2016-09-23 06:24:00.000 +0200,20.0,52.4221729,10.7993433,POINT (10.7993433 52.4221729)
K302Z1B,2016-09-23 06:27:00.000 +0200,40.0,52.4221729,10.7993433,POINT (10.7993433 52.4221729)
K302Z1B,2016-09-23 06:30:00.000 +0200,20.0,52.4221729,10.7993433,POINT (10.7993433 52.4221729)
K302Z1B,2016-09-23 06:33:00.000 +0200,0.0,52.4221729,10.7993433,POINT (10.7993433 52.4221729)
K302Z1B,2016-09-23 06:36:00.000 +0200,0.0,52.4221729,10.7993433,POINT (10.7993433 52.4221729)
K302Z1B,2016-09-23 06:39:00.000 +0200,20.0,52.4221729,10.7993433,POINT (10.7993433 52.4221729)
K302Z1B,2016-09-23 06:42:00.000 +0200,0.0,52.4221729,10.7993433,POINT (10.7993433 52.4221729)
K302Z1B,2016-09-23 06:45:00.000 +0200,20.0,52.4221729,10.7993433,POINT (10.7993433 52.4221729)
K302Z1B,2016-09-23 06:48:00.000 +0200,40.0,52.4221729,10.7993433,POINT (10.7993433 52.4221729)
K302Z1B,2016-09-23 06:51:00.000 +0200,20.0,52.4221729,10.7993433,POINT (10.7993433 52.4221729)
K302Z1B,2016-09-23 06:54:00.000 +0200,40.0,52.4221729,10.7993433,POINT (10.7993433 52.4221729)
K302Z1B,2016-09-23 06:57:00.000 +0200,0.0,52.4221729,10.7993433,POINT (10.7993433 52.4221729)
K302Z1B,2016-09-23 07:00:00.000 +0200,20.0,52.4221729,10.7993433,POINT (10.7993433 52.4221729)
K302Z1B,2016-09-23 07:03:00.000 +0200,20.0,52.4221729,10.7993433,POINT (10.7993433 52.4221729)
K302Z1B,2016-09-23 07:06:00.000 +0200,80.0,52.4221729,10.7993433,POINT (10.7993433 52.4221729)
K302Z1B,2016-09-23 07:09:00.000 +0200,60.0,52.4221729,10.7993433,POINT (10.7993433 52.4221729)
K302Z1B,2016-09-23 07:12:00.000 +0200,40.0,52.4221729,10.7993433,POINT (10.7993433 52.4221729)
K302Z1B,2016-09-23 07:15:00.000 +0200,80.0,52.4221729,10.7993433,POINT (10.7993433 52.4221729)
K302Z1B,2016-09-23 07:18:00.000 +0200,140.0,52.4221729,10.7993433,POINT (10.7993433 52.4221729)
K302Z1B,2016-09-23 07:21:00.000 +0200,120.0,52.4221729,10.7993433,POINT (10.7993433 52.4221729)
K302Z1B,2016-09-23 07:24:00.000 +0200,160.0,52.4221729,10.7993433,POINT (10.7993433 52.4221729)
K302Z1B,2016-09-23 07:27:00.000 +0200,140.0,52.4221729,10.7993433,POINT (10.7993433 52.4221729)
K302Z1B,2016-09-23 07:30:00.000 +0200,40.0,52.4221729,10.7993433,POINT (10.7993433 52.4221729)
K302Z1B,2016-09-23 07:33:00.000 +0200,120.0,52.4221729,10.7993433,POINT (10.7993433 52.4221729)
K302Z1B,2016-09-23 07:36:00.000 +0200,160.0,52.4221729,10.7993433,POINT (10.7993433 52.4221729)
K302Z1B,2016-09-23 07:39:00.000 +0200,200.0,52.4221729,10.7993433,POINT (10.7993433 52.4221729)
K302Z1B,2016-09-23 07:42:00.000 +0200,180.0,52.4221729,10.7993433,POINT (10.7993433 52.4221729)
K302Z1B,2016-09-23 07:45:00.000 +0200,640.0,52.4221729,10.7993433,POINT (10.7993433 52.4221729)
K302Z1B,2016-09-23 07:48:00.000 +0200,860.0,52.4221729,10.7993433,POINT (10.7993433 52.4221729)
K302Z1B,2016-09-23 07:51:00.000 +0200,780.0,52.4221729,10.7993433,POINT (10.7993433 52.4221729)
K302Z1B,2016-09-23 07:54:00.000 +0200,800.0,52.4221729,10.7993433,POINT (10.7993433 52.4221729)
K302Z1B,2016-09-23 07:57:00.000 +0200,880.0,52.4221729,10.7993433,POINT (10.7993433 52.4221729)
K302Z1B,2016-09-23 08:00:00.000 +0200,660.0,52.4221729,10.7993433,POINT (10.7993433 52.4221729)
K302Z1B,2016-09-23 08:03:00.000 +0200,1020.0,52.4221729,10.7993433,POINT (10.7993433 52.4221729)
K302Z1B,2016-09-23 08:06:00.000 +0200,800.0,52.4221729,10.7993433,POINT (10.7993433 52.4221729)
K302Z1B,2016-09-23 08:09:00.000 +0200,680.0,52.4221729,10.7993433,POINT (10.7993433 52.4221729)
K302Z1B,2016-09-23 08:12:00.000 +0200,360.0,52.4221729,10.7993433,POINT (10.7993433 52.4221729)
K302Z1B,2016-09-23 08:15:00.000 +0200,560.0,52.4221729,10.7993433,POINT (10.7993433 52.4221729)
K302Z1B,2016-09-23 08:18:00.000 +0200,500.0,52.4221729,10.7993433,POINT (10.7993433 52.4221729)
K302Z1B,2016-09-23 08:21:00.000 +0200,520.0,52.4221729,10.7993433,POINT (10.7993433 52.4221729)
K302Z1B,2016-09-23 08:24:00.000 +0200,580.0,52.4221729,10.7993433,POINT (10.7993433 52.4221729)
K302Z1B,2016-09-23 08:27:00.000 +0200,400.0,52.4221729,10.7993433,POINT (10.7993433 52.4221729)
K302Z1B,2016-09-23 08:30:00.000 +0200,420.0,52.4221729,10.7993433,POINT (10.7993433 52.4221729)
K302Z1B,2016-09-23 08:33:00.000 +0200,580.0,52.4221729,10.7993433,POINT (10.7993433 52.4221729)
K302Z1B,2016-09-23 08:36:00.000 +0200,360.0,52.4221729,10.7993433,POINT (10.7993433 52.4221729)
K302Z1B,2016-09-23 08:39:00.000 +0200,640.0,52.4221729,10.7993433,POINT (10.7993433 52.4221729)
K302Z1B,2016-09-23 08:42:00.000 +0200,700.0,52.4221729,10.7993433,POINT (10.7993433 52.4221729)
K302Z1B,2016-09-23 08:45:00.000 +0200,840.0,52.4221729,10.7993433,POINT (10.7993433 52.4221729)
K302Z1B,2016-09-23 08:48:00.000 +0200,920.0,52.4221729,10.7993433,POINT (10.7993433 52.4221729)
K302Z1B,2016-09-23 08:51:00.000 +0200,860.0,52.4221729,10.7993433,POINT (10.7993433 52.4221729)
K302Z1B,2016-09-23 08:54:00.000 +0200,680.0,52.4221729,10.7993433,POINT (10.7993433 52.4221729)
K302Z1B,2016-09-23 08:57:00.000 +0200,680.0,52.4221729,10.7993433,POINT (10.7993433 52.4221729)
K302Z1B,2016-09-23 09:00:00.000 +0200,680.0,52.4221729,10.7993433,POINT (10.7993433 52.4221729)
K302Z1B,2016-09-23 09:03:00.000 +0200,660.0,52.4221729,10.7993433,POINT (10.7993433 52.4221729)
K302Z1B,2016-09-23 09:06:00.000 +0200,700.0,52.4221729,10.7993433,POINT (10.7993433 52.4221729)
K302Z1B,2016-09-23 09:09:00.000 +0200,640.0,52.4221729,10.7993433,POINT (10.7993433 52.4221729)
K302Z1B,2016-09-23 09:12:00.000 +0200,540.0,52.4221729,10.7993433,POINT (10.7993433 52.4221729)
K302Z1B,2016-09-23 09:15:00.000 +0200,940.0,52.4221729,10.7993433,POINT (10.7993433 52.4221729)
K302Z1B,2016-09-23 09:18:00.000 +0200,880.0,52.4221729,10.7993433,POINT (10.7993433 52.4221729)
K302Z1B,2016-09-23 09:21:00.000 +0200,900.0,52.4221729,10.7993433,POINT (10.7993433 52.4221729)
K302Z1B,2016-09-23 09:24:00.000 +0200,940.0,52.4221729,10.7993433,POINT (10.7993433 52.4221729)
K302Z1B,2016-09-23 09:27:00.000 +0200,880.0,52.4221729,10.7993433,POINT (10.7993433 52.4221729)
K302Z1B,2016-09-23 09:30:00.000 +0200,760.0,52.4221729,10.7993433,POINT (10.7993433 52.4221729)
K302Z1B,2016-09-23 09:33:00.000 +0200,880.0,52.4221729,10.7993433,POINT (10.7993433 52.4221729)
K302Z1B,2016-09-23 09:36:00.000 +0200,1080.0,52.4221729,10.7993433,POINT (10.7993433 52.4221729)
K302Z1B,2016-09-23 09:39:00.000 +0200,720.0,52.4221729,10.7993433,POINT (10.7993433 52.4221729)
K302Z1B,2016-09-23 09:42:00.000 +0200,1060.0,52.4221729,10.7993433,POINT (10.7993433 52.4221729)
K302Z1B,2016-09-23 09:45:00.000 +0200,1020.0,52.4221729,10.7993433,POINT (10.7993433 52.4221729)
K302Z1B,2016-09-23 09:48:00.000 +0200,720.0,52.4221729,10.7993433,POINT (10.7993433 52.4221729)
K302Z1B,2016-09-23 09:51:00.000 +0200,980.0,52.4221729,10.7993433,POINT (10.7993433 52.4221729)
K302Z1B,2016-09-23 09:54:00.000 +0200,900.0,52.4221729,10.7993433,POINT (10.7993433 52.4221729)
K302Z1B,2016-09-23 09:57:00.000 +0200,640.0,52.4221729,10.7993433,POINT (10.7993433 52.4221729)
K302Z1B,2016-09-23 10:00:00.000 +0200,620.0,52.4221729,10.7993433,POINT (10.7993433 52.4221729)
K302Z1B,2016-09-23 10:03:00.000 +0200,420.0,52.4221729,10.7993433,POINT (10.7993433 52.4221729)
K302Z1B,2016-09-23 10:06:00.000 +0200,580.0,52.4221729,10.7993433,POINT (10.7993433 52.4221729)
K302Z1B,2016-09-23 10:09:00.000 +0200,540.0,52.4221729,10.7993433,POINT (10.7993433 52.4221729)
K302Z1B,2016-09-23 10:12:00.000 +0200,560.0,52.4221729,10.7993433,POINT (10.7993433 52.4221729)
K302Z1B,2016-09-23 10:15:00.000 +0200,740.0,52.4221729,10.7993433,POINT (10.7993433 52.4221729)
K302Z1B,2016-09-23 10:18:00.000 +0200,520.0,52.4221729,10.7993433,POINT (10.7993433 52.4221729)
K302Z1B,2016-09-23 10:21:00.000 +0200,460.0,52.4221729,10.7993433,POINT (10.7993433 52.4221729)
K302Z1B,2016-09-23 10:24:00.000 +0200,400.0,52.4221729,10.7993433,POINT (10.7993433 52.4221729)
K302Z1B,2016-09-23 10:27:00.000 +0200,300.0,52.4221729,10.7993433,POINT (10.7993433 52.4221729)
K302Z1B,2016-09-23 10:30:00.000 +0200,640.0,52.4221729,10.7993433,POINT (10.7993433 52.4221729)
K302Z1B,2016-09-23 10:33:00.000 +0200,580.0,52.4221729,10.7993433,POINT (10.7993433 52.4221729)
K302Z1B,2016-09-23 10:36:00.000 +0200,660.0,52.4221729,10.7993433,POINT (10.7993433 52.4221729)
K302Z1B,2016-09-23 10:39:00.000 +0200,460.0,52.4221729,10.7993433,POINT (10.7993433 52.4221729)
K302Z1B,2016-09-23 10:42:00.000 +0200,460.0,52.4221729,10.7993433,POINT (10.7993433 52.4221729)
K302Z1B,2016-09-23 10:45:00.000 +0200,580.0,52.4221729,10.7993433,POINT (10.7993433 52.4221729)
K302Z1B,2016-09-23 10:48:00.000 +0200,520.0,52.4221729,10.7993433,POINT (10.7993433 52.4221729)
K302Z1B,2016-09-23 10:51:00.000 +0200,480.0,52.4221729,10.7993433,POINT (10.7993433 52.4221729)
K302Z1B,2016-09-23 10:54:00.000 +0200,420.0,52.4221729,10.7993433,POINT (10.7993433 52.4221729)
K302Z1B,2016-09-23 10:57:00.000 +0200,320.0,52.4221729,10.7993433,POINT (10.7993433 52.4221729)
K302Z1B,2016-09-23 11:00:00.000 +0200,320.0,52.4221729,10.7993433,POINT (10.7993433 52.4221729)
K302Z1B,2016-09-23 11:03:00.000 +0200,640.0,52.4221729,10.7993433,POINT (10.7993433 52.4221729)
K302Z1B,2016-09-23 11:06:00.000 +0200,600.0,52.4221729,10.7993433,POINT (10.7993433 52.4221729)
K302Z1B,2016-09-23 11:09:00.000 +0200,560.0,52.4221729,10.7993433,POINT (10.7993433 52.4221729)
K302Z1B,2016-09-23 11:12:00.000 +0200,460.0,52.4221729,10.7993433,POINT (10.7993433 52.4221729)
K302Z1B,2016-09-23 11:15:00.000 +0200,420.0,52.4221729,10.7993433,POINT (10.7993433 52.4221729)
K302Z1B,2016-09-23 11:18:00.000 +0200,480.0,52.4221729,10.7993433,POINT (10.7993433 52.4221729)
K302Z1B,2016-09-23 11:21:00.000 +0200,660.0,52.4221729,10.7993433,POINT (10.7993433 52.4221729)
K302Z1B,2016-09-23 11:24:00.000 +0200,520.0,52.4221729,10.7993433,POINT (10.7993433 52.4221729)
K302Z1B,2016-09-23 11:27:00.000 +0200,560.0,52.4221729,10.7993433,POINT (10.7993433 52.4221729)
K302Z1B,2016-09-23 11:30:00.000 +0200,500.0,52.4221729,10.7993433,POINT (10.7993433 52.4221729)
K302Z1B,2016-09-23 11:33:00.000 +0200,480.0,52.4221729,10.7993433,POINT (10.7993433 52.4221729)
K302Z1B,2016-09-23 11:36:00.000 +0200,480.0,52.4221729,10.7993433,POINT (10.7993433 52.4221729)
K302Z1B,2016-09-23 11:39:00.000 +0200,660.0,52.4221729,10.7993433,POINT (10.7993433 52.4221729)
K302Z1B,2016-09-23 11:42:00.000 +0200,480.0,52.4221729,10.7993433,POINT (10.7993433 52.4221729)
K302Z1B,2016-09-23 11:45:00.000 +0200,520.0,52.4221729,10.7993433,POINT (10.7993433 52.4221729)
K302Z1B,2016-09-23 11:48:00.000 +0200,380.0,52.4221729,10.7993433,POINT (10.7993433 52.4221729)
K302Z1B,2016-09-23 11:51:00.000 +0200,460.0,52.4221729,10.7993433,POINT (10.7993433 52.4221729)
K302Z1B,2016-09-23 11:54:00.000 +0200,440.0,52.4221729,10.7993433,POINT (10.7993433 52.4221729)
K302Z1B,2016-09-23 11:57:00.000 +0200,480.0,52.4221729,10.7993433,POINT (10.7993433 52.4221729)
K302Z1B,2016-09-23 12:00:00.000 +0200,440.0,52.4221729,10.7993433,POINT (10.7993433 52.4221729)
K302Z1B,2016-09-23 12:03:00.000 +0200,420.0,52.4221729,10.7993433,POINT (10.7993433 52.4221729)
K302Z1B,2016-09-23 12:06:00.000 +0200,420.0,52.4221729,10.7993433,POINT (10.7993433 52.4221729)
K302Z1B,2016-09-23 12:09:00.000 +0200,300.0,52.4221729,10.7993433,POINT (10.7993433 52.4221729)
K302Z1B,2016-09-23 12:12:00.000 +0200,320.0,52.4221729,10.7993433,POINT (10.7993433 52.4221729)
K302Z1B,2016-09-23 12:15:00.000 +0200,500.0,52.4221729,10.7993433,POINT (10.7993433 52.4221729)
K302Z1B,2016-09-23 12:18:00.000 +0200,580.0,52.4221729,10.7993433,POINT (10.7993433 52.4221729)
K302Z1B,2016-09-23 12:21:00.000 +0200,340.0,52.4221729,10.7993433,POINT (10.7993433 52.4221729)
K302Z1B,2016-09-23 12:24:00.000 +0200,580.0,52.4221729,10.7993433,POINT (10.7993433 52.4221729)
K302Z1B,2016-09-23 12:27:00.000 +0200,380.0,52.4221729,10.7993433,POINT (10.7993433 52.4221729)
K302Z1B,2016-09-23 12:30:00.000 +0200,560.0,52.4221729,10.7993433,POINT (10.7993433 52.4221729)
K302Z1B,2016-09-23 12:33:00.000 +0200,400.0,52.4221729,10.7993433,POINT (10.7993433 52.4221729)
K302Z1B,2016-09-23 12:36:00.000 +0200,580.0,52.4221729,10.7993433,POINT (10.7993433 52.4221729)
K302Z1B,2016-09-23 12:39:00.000 +0200,400.0,52.4221729,10.7993433,POINT (10.7993433 52.4221729)
K302Z1B,2016-09-23 12:42:00.000 +0200,400.0,52.4221729,10.7993433,POINT (10.7993433 52.4221729)
K302Z1B,2016-09-23 12:45:00.000 +0200,420.0,52.4221729,10.7993433,POINT (10.7993433 52.4221729)
K302Z1B,2016-09-23 12:48:00.000 +0200,500.0,52.4221729,10.7993433,POINT (10.7993433 52.4221729)
K302Z1B,2016-09-23 12:51:00.000 +0200,420.0,52.4221729,10.7993433,POINT (10.7993433 52.4221729)
K302Z1B,2016-09-23 12:54:00.000 +0200,500.0,52.4221729,10.7993433,POINT (10.7993433 52.4221729)
K302Z1B,2016-09-23 12:57:00.000 +0200,540.0,52.4221729,10.7993433,POINT (10.7993433 52.4221729)
K302Z1B,2016-09-23 13:00:00.000 +0200,580.0,52.4221729,10.7993433,POINT (10.7993433 52.4221729)
K302Z1B,2016-09-23 13:03:00.000 +0200,620.0,52.4221729,10.7993433,POINT (10.7993433 52.4221729)
K302Z1B,2016-09-23 13:06:00.000 +0200,540.0,52.4221729,10.7993433,POINT (10.7993433 52.4221729)
K302Z1B,2016-09-23 13:09:00.000 +0200,580.0,52.4221729,10.7993433,POINT (10.7993433 52.4221729)
K302Z1B,2016-09-23 13:12:00.000 +0200,440.0,52.4221729,10.7993433,POINT (10.7993433 52.4221729)
K302Z1B,2016-09-23 13:15:00.000 +0200,520.0,52.4221729,10.7993433,POINT (10.7993433 52.4221729)
K302Z1B,2016-09-23 13:18:00.000 +0200,700.0,52.4221729,10.7993433,POINT (10.7993433 52.4221729)
K302Z1B,2016-09-23 13:21:00.000 +0200,580.0,52.4221729,10.7993433,POINT (10.7993433 52.4221729)
K302Z1B,2016-09-23 13:24:00.000 +0200,640.0,52.4221729,10.7993433,POINT (10.7993433 52.4221729)
K302Z1B,2016-09-23 13:27:00.000 +0200,420.0,52.4221729,10.7993433,POINT (10.7993433 52.4221729)
K302Z1B,2016-09-23 13:30:00.000 +0200,480.0,52.4221729,10.7993433,POINT (10.7993433 52.4221729)
K302Z1B,2016-09-23 13:33:00.000 +0200,620.0,52.4221729,10.7993433,POINT (10.7993433 52.4221729)
K302Z1B,2016-09-23 13:36:00.000 +0200,440.0,52.4221729,10.7993433,POINT (10.7993433 52.4221729)
K302Z1B,2016-09-23 13:39:00.000 +0200,680.0,52.4221729,10.7993433,POINT (10.7993433 52.4221729)
K302Z1B,2016-09-23 13:42:00.000 +0200,660.0,52.4221729,10.7993433,POINT (10.7993433 52.4221729)
K302Z1B,2016-09-23 13:45:00.000 +0200,620.0,52.4221729,10.7993433,POINT (10.7993433 52.4221729)
K302Z1B,2016-09-23 13:48:00.000 +0200,620.0,52.4221729,10.7993433,POINT (10.7993433 52.4221729)
K302Z1B,2016-09-23 13:51:00.000 +0200,400.0,52.4221729,10.7993433,POINT (10.7993433 52.4221729)
K302Z1B,2016-09-23 13:54:00.000 +0200,460.0,52.4221729,10.7993433,POINT (10.7993433 52.4221729)
K302Z1B,2016-09-23 13:57:00.000 +0200,580.0,52.4221729,10.7993433,POINT (10.7993433 52.4221729)
K302Z1B,2016-09-23 14:00:00.000 +0200,500.0,52.4221729,10.7993433,POINT (10.7993433 52.4221729)
K302Z1B,2016-09-23 14:03:00.000 +0200,720.0,52.4221729,10.7993433,POINT (10.7993433 52.4221729)
K302Z1B,2016-09-23 14:06:00.000 +0200,640.0,52.4221729,10.7993433,POINT (10.7993433 52.4221729)
K302Z1B,2016-09-23 14:09:00.000 +0200,940.0,52.4221729,10.7993433,POINT (10.7993433 52.4221729)
K302Z1B,2016-09-23 14:12:00.000 +0200,700.0,52.4221729,10.7993433,POINT (10.7993433 52.4221729)
K302Z1B,2016-09-23 14:15:00.000 +0200,600.0,52.4221729,10.7993433,POINT (10.7993433 52.4221729)
K302Z1B,2016-09-23 14:18:00.000 +0200,660.0,52.4221729,10.7993433,POINT (10.7993433 52.4221729)
K302Z1B,2016-09-23 14:21:00.000 +0200,640.0,52.4221729,10.7993433,POINT (10.7993433 52.4221729)
K302Z1B,2016-09-23 14:24:00.000 +0200,700.0,52.4221729,10.7993433,POINT (10.7993433 52.4221729)
K302Z1B,2016-09-23 14:27:00.000 +0200,480.0,52.4221729,10.7993433,POINT (10.7993433 52.4221729)
K302Z1B,2016-09-23 14:30:00.000 +0200,660.0,52.4221729,10.7993433,POINT (10.7993433 52.4221729)
K302Z1B,2016-09-23 14:33:00.000 +0200,700.0,52.4221729,10.7993433,POINT (10.7993433 52.4221729)
K302Z1B,2016-09-23 14:36:00.000 +0200,660.0,52.4221729,10.7993433,POINT (10.7993433 52.4221729)
K302Z1B,2016-09-23 14:39:00.000 +0200,680.0,52.4221729,10.7993433,POINT (10.7993433 52.4221729)
K302Z1B,2016-09-23 14:42:00.000 +0200,640.0,52.4221729,10.7993433,POINT (10.7993433 52.4221729)
K302Z1B,2016-09-23 14:45:00.000 +0200,740.0,52.4221729,10.7993433,POINT (10.7993433 52.4221729)
K302Z1B,2016-09-23 14:48:00.000 +0200,900.0,52.4221729,10.7993433,POINT (10.7993433 52.4221729)
K302Z1B,2016-09-23 14:51:00.000 +0200,920.0,52.4221729,10.7993433,POINT (10.7993433 52.4221729)
K302Z1B,2016-09-23 14:54:00.000 +0200,880.0,52.4221729,10.7993433,POINT (10.7993433 52.4221729)
K302Z1B,2016-09-23 14:57:00.000 +0200,980.0,52.4221729,10.7993433,POINT (10.7993433 52.4221729)
K302Z1B,2016-09-23 15:00:00.000 +0200,800.0,52.4221729,10.7993433,POINT (10.7993433 52.4221729)
K302Z1B,2016-09-23 15:03:00.000 +0200,680.0,52.4221729,10.7993433,POINT (10.7993433 52.4221729)
K302Z1B,2016-09-23 15:06:00.000 +0200,1020.0,52.4221729,10.7993433,POINT (10.7993433 52.4221729)
K302Z1B,2016-09-23 15:09:00.000 +0200,760.0,52.4221729,10.7993433,POINT (10.7993433 52.4221729)
K302Z1B,2016-09-23 15:12:00.000 +0200,860.0,52.4221729,10.7993433,POINT (10.7993433 52.4221729)
K302Z1B,2016-09-23 15:15:00.000 +0200,880.0,52.4221729,10.7993433,POINT (10.7993433 52.4221729)
K302Z1B,2016-09-23 15:18:00.000 +0200,1200.0,52.4221729,10.7993433,POINT (10.7993433 52.4221729)
K302Z1B,2016-09-23 15:21:00.000 +0200,1180.0,52.4221729,10.7993433,POINT (10.7993433 52.4221729)
K302Z1B,2016-09-23 15:24:00.000 +0200,980.0,52.4221729,10.7993433,POINT (10.7993433 52.4221729)
K302Z1B,2016-09-23 15:27:00.000 +0200,740.0,52.4221729,10.7993433,POINT (10.7993433 52.4221729)
K302Z1B,2016-09-23 15:30:00.000 +0200,780.0,52.4221729,10.7993433,POINT (10.7993433 52.4221729)
K302Z1B,2016-09-23 15:33:00.000 +0200,840.0,52.4221729,10.7993433,POINT (10.7993433 52.4221729)
K302Z1B,2016-09-23 15:36:00.000 +0200,1240.0,52.4221729,10.7993433,POINT (10.7993433 52.4221729)
K302Z1B,2016-09-23 15:39:00.000 +0200,760.0,52.4221729,10.7993433,POINT (10.7993433 52.4221729)
K302Z1B,2016-09-23 15:42:00.000 +0200,900.0,52.4221729,10.7993433,POINT (10.7993433 52.4221729)
K302Z1B,2016-09-23 15:45:00.000 +0200,1120.0,52.4221729,10.7993433,POINT (10.7993433 52.4221729)
K302Z1B,2016-09-23 15:48:00.000 +0200,600.0,52.4221729,10.7993433,POINT (10.7993433 52.4221729)
K302Z1B,2016-09-23 15:51:00.000 +0200,1080.0,52.4221729,10.7993433,POINT (10.7993433 52.4221729)
K302Z1B,2016-09-23 15:54:00.000 +0200,940.0,52.4221729,10.7993433,POINT (10.7993433 52.4221729)
K302Z1B,2016-09-23 15:57:00.000 +0200,940.0,52.4221729,10.7993433,POINT (10.7993433 52.4221729)
K302Z1B,2016-09-23 16:00:00.000 +0200,1140.0,52.4221729,10.7993433,POINT (10.7993433 52.4221729)
K302Z1B,2016-09-23 16:03:00.000 +0200,880.0,52.4221729,10.7993433,POINT (10.7993433 52.4221729)
K302Z1B,2016-09-23 16:06:00.000 +0200,1260.0,52.4221729,10.7993433,POINT (10.7993433 52.4221729)
K302Z1B,2016-09-23 16:09:00.000 +0200,1220.0,52.4221729,10.7993433,POINT (10.7993433 52.4221729)
K302Z1B,2016-09-23 16:12:00.000 +0200,1000.0,52.4221729,10.7993433,POINT (10.7993433 52.4221729)
K302Z1B,2016-09-23 16:15:00.000 +0200,1260.0,52.4221729,10.7993433,POINT (10.7993433 52.4221729)
K302Z1B,2016-09-23 16:18:00.000 +0200,1580.0,52.4221729,10.7993433,POINT (10.7993433 52.4221729)
K302Z1B,2016-09-23 16:21:00.000 +0200,1540.0,52.4221729,10.7993433,POINT (10.7993433 52.4221729)
K302Z1B,2016-09-23 16:24:00.000 +0200,1280.0,52.4221729,10.7993433,POINT (10.7993433 52.4221729)
K302Z1B,2016-09-23 16:27:00.000 +0200,1180.0,52.4221729,10.7993433,POINT (10.7993433 52.4221729)
K302Z1B,2016-09-23 16:30:00.000 +0200,1360.0,52.4221729,10.7993433,POINT (10.7993433 52.4221729)
K302Z1B,2016-09-23 16:33:00.000 +0200,1360.0,52.4221729,10.7993433,POINT (10.7993433 52.4221729)
K302Z1B,2016-09-23 16:36:00.000 +0200,940.0,52.4221729,10.7993433,POINT (10.7993433 52.4221729)
K302Z1B,2016-09-23 16:39:00.000 +0200,1380.0,52.4221729,10.7993433,POINT (10.7993433 52.4221729)
K302Z1B,2016-09-23 16:42:00.000 +0200,1320.0,52.4221729,10.7993433,POINT (10.7993433 52.4221729)
K302Z1B,2016-09-23 16:45:00.000 +0200,1340.0,52.4221729,10.7993433,POINT (10.7993433 52.4221729)
K302Z1B,2016-09-23 16:48:00.000 +0200,1380.0,52.4221729,10.7993433,POINT (10.7993433 52.4221729)
K302Z1B,2016-09-23 16:51:00.000 +0200,1520.0,52.4221729,10.7993433,POINT (10.7993433 52.4221729)
K302Z1B,2016-09-23 16:54:00.000 +0200,1260.0,52.4221729,10.7993433,POINT (10.7993433 52.4221729)
K302Z1B,2016-09-23 16:57:00.000 +0200,1200.0,52.4221729,10.7993433,POINT (10.7993433 52.4221729)
K302Z1B,2016-09-23 17:00:00.000 +0200,940.0,52.4221729,10.7993433,POINT (10.7993433 52.4221729)
K302Z1B,2016-09-23 17:03:00.000 +0200,980.0,52.4221729,10.7993433,POINT (10.7993433 52.4221729)
K302Z1B,2016-09-23 17:06:00.000 +0200,1420.0,52.4221729,10.7993433,POINT (10.7993433 52.4221729)
K302Z1B,2016-09-23 17:09:00.000 +0200,1340.0,52.4221729,10.7993433,POINT (10.7993433 52.4221729)
K302Z1B,2016-09-23 17:12:00.000 +0200,1140.0,52.4221729,10.7993433,POINT (10.7993433 52.4221729)
K302Z1B,2016-09-23 17:15:00.000 +0200,1340.0,52.4221729,10.7993433,POINT (10.7993433 52.4221729)
K302Z1B,2016-09-23 17:18:00.000 +0200,1380.0,52.4221729,10.7993433,POINT (10.7993433 52.4221729)
K302Z1B,2016-09-23 17:21:00.000 +0200,1240.0,52.4221729,10.7993433,POINT (10.7993433 52.4221729)
K302Z1B,2016-09-23 17:24:00.000 +0200,1120.0,52.4221729,10.7993433,POINT (10.7993433 52.4221729)
K302Z1B,2016-09-23 17:27:00.000 +0200,1020.0,52.4221729,10.7993433,POINT (10.7993433 52.4221729)
K302Z1B,2016-09-23 17:30:00.000 +0200,1080.0,52.4221729,10.7993433,POINT (10.7993433 52.4221729)
K302Z1B,2016-09-23 17:33:00.000 +0200,1260.0,52.4221729,10.7993433,POINT (10.7993433 52.4221729)
K302Z1B,2016-09-23 17:36:00.000 +0200,1320.0,52.4221729,10.7993433,POINT (10.7993433 52.4221729)
K302Z1B,2016-09-23 17:39:00.000 +0200,1040.0,52.4221729,10.7993433,POINT (10.7993433 52.4221729)
K302Z1B,2016-09-23 17:42:00.000 +0200,1140.0,52.4221729,10.7993433,POINT (10.7993433 52.4221729)
K302Z1B,2016-09-23 17:45:00.000 +0200,1040.0,52.4221729,10.7993433,POINT (10.7993433 52.4221729)
K302Z1B,2016-09-23 17:48:00.000 +0200,1040.0,52.4221729,10.7993433,POINT (10.7993433 52.4221729)
K302Z1B,2016-09-23 17:51:00.000 +0200,1120.0,52.4221729,10.7993433,POINT (10.7993433 52.4221729)
K302Z1B,2016-09-23 17:54:00.000 +0200,1040.0,52.4221729,10.7993433,POINT (10.7993433 52.4221729)
K302Z1B,2016-09-23 17:57:00.000 +0200,840.0,52.4221729,10.7993433,POINT (10.7993433 52.4221729)
K302Z1B,2016-09-23 18:00:00.000 +0200,840.0,52.4221729,10.7993433,POINT (10.7993433 52.4221729)
K302Z1B,2016-09-23 18:03:00.000 +0200,1160.0,52.4221729,10.7993433,POINT (10.7993433 52.4221729)
K302Z1B,2016-09-23 18:06:00.000 +0200,920.0,52.4221729,10.7993433,POINT (10.7993433 52.4221729)
K302Z1B,2016-09-23 18:09:00.000 +0200,1120.0,52.4221729,10.7993433,POINT (10.7993433 52.4221729)
K302Z1B,2016-09-23 18:12:00.000 +0200,920.0,52.4221729,10.7993433,POINT (10.7993433 52.4221729)
K302Z1B,2016-09-23 18:15:00.000 +0200,980.0,52.4221729,10.7993433,POINT (10.7993433 52.4221729)
K302Z1B,2016-09-23 18:18:00.000 +0200,940.0,52.4221729,10.7993433,POINT (10.7993433 52.4221729)
K302Z1B,2016-09-23 18:21:00.000 +0200,940.0,52.4221729,10.7993433,POINT (10.7993433 52.4221729)
K302Z1B,2016-09-23 18:24:00.000 +0200,1140.0,52.4221729,10.7993433,POINT (10.7993433 52.4221729)
K302Z1B,2016-09-23 18:27:00.000 +0200,860.0,52.4221729,10.7993433,POINT (10.7993433 52.4221729)
K302Z1B,2016-09-23 18:30:00.000 +0200,540.0,52.4221729,10.7993433,POINT (10.7993433 52.4221729)
K302Z1B,2016-09-23 18:33:00.000 +0200,880.0,52.4221729,10.7993433,POINT (10.7993433 52.4221729)
K302Z1B,2016-09-23 18:36:00.000 +0200,1040.0,52.4221729,10.7993433,POINT (10.7993433 52.4221729)
K302Z1B,2016-09-23 18:39:00.000 +0200,860.0,52.4221729,10.7993433,POINT (10.7993433 52.4221729)
K302Z1B,2016-09-23 18:42:00.000 +0200,640.0,52.4221729,10.7993433,POINT (10.7993433 52.4221729)
K302Z1B,2016-09-23 18:45:00.000 +0200,880.0,52.4221729,10.7993433,POINT (10.7993433 52.4221729)
K302Z1B,2016-09-23 18:48:00.000 +0200,780.0,52.4221729,10.7993433,POINT (10.7993433 52.4221729)
K302Z1B,2016-09-23 18:51:00.000 +0200,860.0,52.4221729,10.7993433,POINT (10.7993433 52.4221729)
K302Z1B,2016-09-23 18:54:00.000 +0200,780.0,52.4221729,10.7993433,POINT (10.7993433 52.4221729)
K302Z1B,2016-09-23 18:57:00.000 +0200,880.0,52.4221729,10.7993433,POINT (10.7993433 52.4221729)
K302Z1B,2016-09-23 19:00:00.000 +0200,740.0,52.4221729,10.7993433,POINT (10.7993433 52.4221729)
K302Z1B,2016-09-23 19:03:00.000 +0200,880.0,52.4221729,10.7993433,POINT (10.7993433 52.4221729)
K302Z1B,2016-09-23 19:06:00.000 +0200,940.0,52.4221729,10.7993433,POINT (10.7993433 52.4221729)
K302Z1B,2016-09-23 19:09:00.000 +0200,760.0,52.4221729,10.7993433,POINT (10.7993433 52.4221729)
K302Z1B,2016-09-23 19:12:00.000 +0200,800.0,52.4221729,10.7993433,POINT (10.7993433 52.4221729)
K302Z1B,2016-09-23 19:15:00.000 +0200,400.0,52.4221729,10.7993433,POINT (10.7993433 52.4221729)
K302Z1B,2016-09-23 19:18:00.000 +0200,580.0,52.4221729,10.7993433,POINT (10.7993433 52.4221729)
K302Z1B,2016-09-23 19:21:00.000 +0200,700.0,52.4221729,10.7993433,POINT (10.7993433 52.4221729)
K302Z1B,2016-09-23 19:24:00.000 +0200,940.0,52.4221729,10.7993433,POINT (10.7993433 52.4221729)
K302Z1B,2016-09-23 19:27:00.000 +0200,740.0,52.4221729,10.7993433,POINT (10.7993433 52.4221729)
K302Z1B,2016-09-23 19:30:00.000 +0200,720.0,52.4221729,10.7993433,POINT (10.7993433 52.4221729)
K302Z1B,2016-09-23 19:33:00.000 +0200,820.0,52.4221729,10.7993433,POINT (10.7993433 52.4221729)
K302Z1B,2016-09-23 19:36:00.000 +0200,700.0,52.4221729,10.7993433,POINT (10.7993433 52.4221729)
K302Z1B,2016-09-23 19:39:00.000 +0200,1120.0,52.4221729,10.7993433,POINT (10.7993433 52.4221729)
K302Z1B,2016-09-23 19:42:00.000 +0200,660.0,52.4221729,10.7993433,POINT (10.7993433 52.4221729)
K302Z1B,2016-09-23 19:45:00.000 +0200,760.0,52.4221729,10.7993433,POINT (10.7993433 52.4221729)
K302Z1B,2016-09-23 19:48:00.000 +0200,780.0,52.4221729,10.7993433,POINT (10.7993433 52.4221729)
K302Z1B,2016-09-23 19:51:00.000 +0200,700.0,52.4221729,10.7993433,POINT (10.7993433 52.4221729)
K302Z1B,2016-09-23 19:54:00.000 +0200,840.0,52.4221729,10.7993433,POINT (10.7993433 52.4221729)
K302Z1B,2016-09-23 19:57:00.000 +0200,560.0,52.4221729,10.7993433,POINT (10.7993433 52.4221729)
K302Z1B,2016-09-23 20:00:00.000 +0200,620.0,52.4221729,10.7993433,POINT (10.7993433 52.4221729)
K302Z1B,2016-09-23 20:03:00.000 +0200,560.0,52.4221729,10.7993433,POINT (10.7993433 52.4221729)
K302Z1B,2016-09-23 20:06:00.000 +0200,720.0,52.4221729,10.7993433,POINT (10.7993433 52.4221729)
K302Z1B,2016-09-23 20:09:00.000 +0200,720.0,52.4221729,10.7993433,POINT (10.7993433 52.4221729)
K302Z1B,2016-09-23 20:12:00.000 +0200,440.0,52.4221729,10.7993433,POINT (10.7993433 52.4221729)
K302Z1B,2016-09-23 20:15:00.000 +0200,800.0,52.4221729,10.7993433,POINT (10.7993433 52.4221729)
K302Z1B,2016-09-23 20:18:00.000 +0200,580.0,52.4221729,10.7993433,POINT (10.7993433 52.4221729)
K302Z1B,2016-09-23 20:21:00.000 +0200,1120.0,52.4221729,10.7993433,POINT (10.7993433 52.4221729)
K302Z1B,2016-09-23 20:24:00.000 +0200,900.0,52.4221729,10.7993433,POINT (10.7993433 52.4221729)
K302Z1B,2016-09-23 20:27:00.000 +0200,680.0,52.4221729,10.7993433,POINT (10.7993433 52.4221729)
K302Z1B,2016-09-23 20:30:00.000 +0200,800.0,52.4221729,10.7993433,POINT (10.7993433 52.4221729)
K302Z1B,2016-09-23 20:33:00.000 +0200,500.0,52.4221729,10.7993433,POINT (10.7993433 52.4221729)
K302Z1B,2016-09-23 20:36:00.000 +0200,460.0,52.4221729,10.7993433,POINT (10.7993433 52.4221729)
K302Z1B,2016-09-23 20:39:00.000 +0200,600.0,52.4221729,10.7993433,POINT (10.7993433 52.4221729)
K302Z1B,2016-09-23 20:42:00.000 +0200,520.0,52.4221729,10.7993433,POINT (10.7993433 52.4221729)
K302Z1B,2016-09-23 20:45:00.000 +0200,600.0,52.4221729,10.7993433,POINT (10.7993433 52.4221729)
K302Z1B,2016-09-23 20:48:00.000 +0200,560.0,52.4221729,10.7993433,POINT (10.7993433 52.4221729)
K302Z1B,2016-09-23 20:51:00.000 +0200,500.0,52.4221729,10.7993433,POINT (10.7993433 52.4221729)
K302Z1B,2016-09-23 20:54:00.000 +0200,420.0,52.4221729,10.7993433,POINT (10.7993433 52.4221729)
K302Z1B,2016-09-23 20:57:00.000 +0200,460.0,52.4221729,10.7993433,POINT (10.7993433 52.4221729)
K302Z1B,2016-09-23 21:00:00.000 +0200,520.0,52.4221729,10.7993433,POINT (10.7993433 52.4221729)
K302Z1B,2016-09-23 21:03:00.000 +0200,340.0,52.4221729,10.7993433,POINT (10.7993433 52.4221729)
K302Z1B,2016-09-23 21:06:00.000 +0200,460.0,52.4221729,10.7993433,POINT (10.7993433 52.4221729)
K302Z1B,2016-09-23 21:09:00.000 +0200,560.0,52.4221729,10.7993433,POINT (10.7993433 52.4221729)
K302Z1B,2016-09-23 21:12:00.000 +0200,640.0,52.4221729,10.7993433,POINT (10.7993433 52.4221729)
K302Z1B,2016-09-23 21:15:00.000 +0200,420.0,52.4221729,10.7993433,POINT (10.7993433 52.4221729)
K302Z1B,2016-09-23 21:18:00.000 +0200,360.0,52.4221729,10.7993433,POINT (10.7993433 52.4221729)
K302Z1B,2016-09-23 21:21:00.000 +0200,420.0,52.4221729,10.7993433,POINT (10.7993433 52.4221729)
K302Z1B,2016-09-23 21:24:00.000 +0200,600.0,52.4221729,10.7993433,POINT (10.7993433 52.4221729)
K302Z1B,2016-09-23 21:27:00.000 +0200,420.0,52.4221729,10.7993433,POINT (10.7993433 52.4221729)
K302Z1B,2016-09-23 21:30:00.000 +0200,320.0,52.4221729,10.7993433,POINT (10.7993433 52.4221729)
K302Z1B,2016-09-23 21:33:00.000 +0200,500.0,52.4221729,10.7993433,POINT (10.7993433 52.4221729)
K302Z1B,2016-09-23 21:36:00.000 +0200,220.0,52.4221729,10.7993433,POINT (10.7993433 52.4221729)
K302Z1B,2016-09-23 21:39:00.000 +0200,420.0,52.4221729,10.7993433,POINT (10.7993433 52.4221729)
K302Z1B,2016-09-23 21:42:00.000 +0200,340.0,52.4221729,10.7993433,POINT (10.7993433 52.4221729)
K302Z1B,2016-09-23 21:45:00.000 +0200,280.0,52.4221729,10.7993433,POINT (10.7993433 52.4221729)
K302Z1B,2016-09-23 21:48:00.000 +0200,500.0,52.4221729,10.7993433,POINT (10.7993433 52.4221729)
K302Z1B,2016-09-23 21:51:00.000 +0200,280.0,52.4221729,10.7993433,POINT (10.7993433 52.4221729)
K302Z1B,2016-09-23 21:54:00.000 +0200,280.0,52.4221729,10.7993433,POINT (10.7993433 52.4221729)
K302Z1B,2016-09-23 21:57:00.000 +0200,380.0,52.4221729,10.7993433,POINT (10.7993433 52.4221729)
K302Z1B,2016-09-23 22:00:00.000 +0200,540.0,52.4221729,10.7993433,POINT (10.7993433 52.4221729)
K302Z1B,2016-09-23 22:03:00.000 +0200,260.0,52.4221729,10.7993433,POINT (10.7993433 52.4221729)
K302Z1B,2016-09-23 22:06:00.000 +0200,360.0,52.4221729,10.7993433,POINT (10.7993433 52.4221729)
K302Z1B,2016-09-23 22:09:00.000 +0200,420.0,52.4221729,10.7993433,POINT (10.7993433 52.4221729)
K302Z1B,2016-09-23 22:12:00.000 +0200,340.0,52.4221729,10.7993433,POINT (10.7993433 52.4221729)
K302Z1B,2016-09-23 22:15:00.000 +0200,280.0,52.4221729,10.7993433,POINT (10.7993433 52.4221729)
K302Z1B,2016-09-23 22:18:00.000 +0200,340.0,52.4221729,10.7993433,POINT (10.7993433 52.4221729)
K302Z1B,2016-09-23 22:21:00.000 +0200,360.0,52.4221729,10.7993433,POINT (10.7993433 52.4221729)
K302Z1B,2016-09-23 22:24:00.000 +0200,320.0,52.4221729,10.7993433,POINT (10.7993433 52.4221729)
K302Z1B,2016-09-23 22:27:00.000 +0200,200.0,52.4221729,10.7993433,POINT (10.7993433 52.4221729)
K302Z1B,2016-09-23 22:30:00.000 +0200,220.0,52.4221729,10.7993433,POINT (10.7993433 52.4221729)
K302Z1B,2016-09-23 22:33:00.000 +0200,420.0,52.4221729,10.7993433,POINT (10.7993433 52.4221729)
K302Z1B,2016-09-23 22:36:00.000 +0200,240.0,52.4221729,10.7993433,POINT (10.7993433 52.4221729)
K302Z1B,2016-09-23 22:39:00.000 +0200,260.0,52.4221729,10.7993433,POINT (10.7993433 52.4221729)
K302Z1B,2016-09-23 22:42:00.000 +0200,200.0,52.4221729,10.7993433,POINT (10.7993433 52.4221729)
K302Z1B,2016-09-23 22:45:00.000 +0200,400.0,52.4221729,10.7993433,POINT (10.7993433 52.4221729)
K302Z1B,2016-09-23 22:48:00.000 +0200,240.0,52.4221729,10.7993433,POINT (10.7993433 52.4221729)
K302Z1B,2016-09-23 22:51:00.000 +0200,200.0,52.4221729,10.7993433,POINT (10.7993433 52.4221729)
K302Z1B,2016-09-23 22:54:00.000 +0200,100.0,52.4221729,10.7993433,POINT (10.7993433 52.4221729)
K302Z1B,2016-09-23 22:57:00.000 +0200,280.0,52.4221729,10.7993433,POINT (10.7993433 52.4221729)
K302Z1B,2016-09-23 23:00:00.000 +0200,180.0,52.4221729,10.7993433,POINT (10.7993433 52.4221729)
K302Z1B,2016-09-23 23:03:00.000 +0200,260.0,52.4221729,10.7993433,POINT (10.7993433 52.4221729)
K302Z1B,2016-09-23 23:06:00.000 +0200,280.0,52.4221729,10.7993433,POINT (10.7993433 52.4221729)
K302Z1B,2016-09-23 23:09:00.000 +0200,280.0,52.4221729,10.7993433,POINT (10.7993433 52.4221729)
K302Z1B,2016-09-23 23:12:00.000 +0200,260.0,52.4221729,10.7993433,POINT (10.7993433 52.4221729)
K302Z1B,2016-09-23 23:15:00.000 +0200,240.0,52.4221729,10.7993433,POINT (10.7993433 52.4221729)
K302Z1B,2016-09-23 23:18:00.000 +0200,440.0,52.4221729,10.7993433,POINT (10.7993433 52.4221729)
K302Z1B,2016-09-23 23:21:00.000 +0200,260.0,52.4221729,10.7993433,POINT (10.7993433 52.4221729)
K302Z1B,2016-09-23 23:24:00.000 +0200,180.0,52.4221729,10.7993433,POINT (10.7993433 52.4221729)
K302Z1B,2016-09-23 23:27:00.000 +0200,160.0,52.4221729,10.7993433,POINT (10.7993433 52.4221729)
K302Z1B,2016-09-23 23:30:00.000 +0200,220.0,52.4221729,10.7993433,POINT (10.7993433 52.4221729)
K302Z1B,2016-09-23 23:33:00.000 +0200,180.0,52.4221729,10.7993433,POINT (10.7993433 52.4221729)
K302Z1B,2016-09-23 23:36:00.000 +0200,220.0,52.4221729,10.7993433,POINT (10.7993433 52.4221729)
K302Z1B,2016-09-23 23:39:00.000 +0200,180.0,52.4221729,10.7993433,POINT (10.7993433 52.4221729)
K302Z1B,2016-09-23 23:42:00.000 +0200,180.0,52.4221729,10.7993433,POINT (10.7993433 52.4221729)
K302Z1B,2016-09-23 23:45:00.000 +0200,300.0,52.4221729,10.7993433,POINT (10.7993433 52.4221729)
K302Z1B,2016-09-23 23:48:00.000 +0200,60.0,52.4221729,10.7993433,POINT (10.7993433 52.4221729)
K302Z1B,2016-09-23 23:51:00.000 +0200,200.0,52.4221729,10.7993433,POINT (10.7993433 52.4221729)
K302Z1B,2016-09-23 23:54:00.000 +0200,160.0,52.4221729,10.7993433,POINT (10.7993433 52.4221729)
K302Z1B,2016-09-23 23:57:00.000 +0200,240.0,52.4221729,10.7993433,POINT (10.7993433 52.4221729)
K302Z1B,2016-09-24 00:00:00.000 +0200,220.0,52.4221729,10.7993433,POINT (10.7993433 52.4221729)
K302Z1B,2016-09-24 00:03:00.000 +0200,280.0,52.4221729,10.7993433,POINT (10.7993433 52.4221729)
K302Z1B,2016-09-24 00:06:00.000 +0200,440.0,52.4221729,10.7993433,POINT (10.7993433 52.4221729)
K302Z1B,2016-09-24 00:09:00.000 +0200,660.0,52.4221729,10.7993433,POINT (10.7993433 52.4221729)
K302Z1B,2016-09-24 00:12:00.000 +0200,740.0,52.4221729,10.7993433,POINT (10.7993433 52.4221729)
K302Z1B,2016-09-24 00:15:00.000 +0200,800.0,52.4221729,10.7993433,POINT (10.7993433 52.4221729)
K302Z1B,2016-09-24 00:18:00.000 +0200,840.0,52.4221729,10.7993433,POINT (10.7993433 52.4221729)
K302Z1B,2016-09-24 00:21:00.000 +0200,1020.0,52.4221729,10.7993433,POINT (10.7993433 52.4221729)
K302Z1B,2016-09-24 00:24:00.000 +0200,600.0,52.4221729,10.7993433,POINT (10.7993433 52.4221729)
K302Z1B,2016-09-24 00:27:00.000 +0200,480.0,52.4221729,10.7993433,POINT (10.7993433 52.4221729)
K302Z1B,2016-09-24 00:30:00.000 +0200,340.0,52.4221729,10.7993433,POINT (10.7993433 52.4221729)
K302Z1B,2016-09-24 00:33:00.000 +0200,720.0,52.4221729,10.7993433,POINT (10.7993433 52.4221729)
K302Z1B,2016-09-24 00:36:00.000 +0200,600.0,52.4221729,10.7993433,POINT (10.7993433 52.4221729)
K302Z1B,2016-09-24 00:39:00.000 +0200,620.0,52.4221729,10.7993433,POINT (10.7993433 52.4221729)
K302Z1B,2016-09-24 00:42:00.000 +0200,260.0,52.4221729,10.7993433,POINT (10.7993433 52.4221729)
K302Z1B,2016-09-24 00:45:00.000 +0200,700.0,52.4221729,10.7993433,POINT (10.7993433 52.4221729)
K302Z1B,2016-09-24 00:48:00.000 +0200,460.0,52.4221729,10.7993433,POINT (10.7993433 52.4221729)
K302Z1B,2016-09-24 00:51:00.000 +0200,220.0,52.4221729,10.7993433,POINT (10.7993433 52.4221729)
K302Z1B,2016-09-24 00:54:00.000 +0200,300.0,52.4221729,10.7993433,POINT (10.7993433 52.4221729)
K302Z1B,2016-09-24 00:57:00.000 +0200,280.0,52.4221729,10.7993433,POINT (10.7993433 52.4221729)
K302Z1B,2016-09-24 01:00:00.000 +0200,220.0,52.4221729,10.7993433,POINT (10.7993433 52.4221729)
K302Z1B,2016-09-24 01:03:00.000 +0200,240.0,52.4221729,10.7993433,POINT (10.7993433 52.4221729)
K302Z1B,2016-09-24 01:06:00.000 +0200,120.0,52.4221729,10.7993433,POINT (10.7993433 52.4221729)
K302Z1B,2016-09-24 01:09:00.000 +0200,140.0,52.4221729,10.7993433,POINT (10.7993433 52.4221729)
K302Z1B,2016-09-24 01:12:00.000 +0200,140.0,52.4221729,10.7993433,POINT (10.7993433 52.4221729)
K302Z1B,2016-09-24 01:15:00.000 +0200,140.0,52.4221729,10.7993433,POINT (10.7993433 52.4221729)
K302Z1B,2016-09-24 01:18:00.000 +0200,100.0,52.4221729,10.7993433,POINT (10.7993433 52.4221729)
K302Z1B,2016-09-24 01:21:00.000 +0200,120.0,52.4221729,10.7993433,POINT (10.7993433 52.4221729)
K302Z1B,2016-09-24 01:24:00.000 +0200,100.0,52.4221729,10.7993433,POINT (10.7993433 52.4221729)
K302Z1B,2016-09-24 01:27:00.000 +0200,80.0,52.4221729,10.7993433,POINT (10.7993433 52.4221729)
K302Z1B,2016-09-24 01:30:00.000 +0200,140.0,52.4221729,10.7993433,POINT (10.7993433 52.4221729)
K302Z1B,2016-09-24 01:33:00.000 +0200,300.0,52.4221729,10.7993433,POINT (10.7993433 52.4221729)
K302Z1B,2016-09-24 01:36:00.000 +0200,80.0,52.4221729,10.7993433,POINT (10.7993433 52.4221729)
K302Z1B,2016-09-24 01:39:00.000 +0200,100.0,52.4221729,10.7993433,POINT (10.7993433 52.4221729)
K302Z1B,2016-09-24 01:42:00.000 +0200,100.0,52.4221729,10.7993433,POINT (10.7993433 52.4221729)
K302Z1B,2016-09-24 01:45:00.000 +0200,60.0,52.4221729,10.7993433,POINT (10.7993433 52.4221729)
K302Z1B,2016-09-24 01:48:00.000 +0200,60.0,52.4221729,10.7993433,POINT (10.7993433 52.4221729)
K302Z1B,2016-09-24 01:51:00.000 +0200,0.0,52.4221729,10.7993433,POINT (10.7993433 52.4221729)
K302Z1B,2016-09-24 01:54:00.000 +0200,60.0,52.4221729,10.7993433,POINT (10.7993433 52.4221729)
K302Z1B,2016-09-24 01:57:00.000 +0200,220.0,52.4221729,10.7993433,POINT (10.7993433 52.4221729)
K302Z1B,2016-09-24 02:00:00.000 +0200,60.0,52.4221729,10.7993433,POINT (10.7993433 52.4221729)
K302Z1B,2016-09-24 02:03:00.000 +0200,40.0,52.4221729,10.7993433,POINT (10.7993433 52.4221729)
K302Z1B,2016-09-24 02:06:00.000 +0200,60.0,52.4221729,10.7993433,POINT (10.7993433 52.4221729)
K302Z1B,2016-09-24 02:09:00.000 +0200,60.0,52.4221729,10.7993433,POINT (10.7993433 52.4221729)
K302Z1B,2016-09-24 02:12:00.000 +0200,80.0,52.4221729,10.7993433,POINT (10.7993433 52.4221729)
K302Z1B,2016-09-24 02:15:00.000 +0200,80.0,52.4221729,10.7993433,POINT (10.7993433 52.4221729)
K302Z1B,2016-09-24 02:18:00.000 +0200,60.0,52.4221729,10.7993433,POINT (10.7993433 52.4221729)
K302Z1B,2016-09-24 02:21:00.000 +0200,100.0,52.4221729,10.7993433,POINT (10.7993433 52.4221729)
K302Z1B,2016-09-24 02:24:00.000 +0200,100.0,52.4221729,10.7993433,POINT (10.7993433 52.4221729)
K302Z1B,2016-09-24 02:27:00.000 +0200,80.0,52.4221729,10.7993433,POINT (10.7993433 52.4221729)
K302Z1B,2016-09-24 02:30:00.000 +0200,20.0,52.4221729,10.7993433,POINT (10.7993433 52.4221729)
K302Z1B,2016-09-24 02:33:00.000 +0200,100.0,52.4221729,10.7993433,POINT (10.7993433 52.4221729)
K302Z1B,2016-09-24 02:36:00.000 +0200,80.0,52.4221729,10.7993433,POINT (10.7993433 52.4221729)
K302Z1B,2016-09-24 02:39:00.000 +0200,20.0,52.4221729,10.7993433,POINT (10.7993433 52.4221729)
K302Z1B,2016-09-24 02:42:00.000 +0200,0.0,52.4221729,10.7993433,POINT (10.7993433 52.4221729)
K302Z1B,2016-09-24 02:45:00.000 +0200,60.0,52.4221729,10.7993433,POINT (10.7993433 52.4221729)
K302Z1B,2016-09-24 02:48:00.000 +0200,0.0,52.4221729,10.7993433,POINT (10.7993433 52.4221729)
K302Z1B,2016-09-24 02:51:00.000 +0200,20.0,52.4221729,10.7993433,POINT (10.7993433 52.4221729)
K302Z1B,2016-09-24 02:54:00.000 +0200,60.0,52.4221729,10.7993433,POINT (10.7993433 52.4221729)
K302Z1B,2016-09-24 02:57:00.000 +0200,60.0,52.4221729,10.7993433,POINT (10.7993433 52.4221729)
K302Z1B,2016-09-24 03:00:00.000 +0200,20.0,52.4221729,10.7993433,POINT (10.7993433 52.4221729)
K302Z1B,2016-09-24 03:03:00.000 +0200,40.0,52.4221729,10.7993433,POINT (10.7993433 52.4221729)
K302Z1B,2016-09-24 03:06:00.000 +0200,20.0,52.4221729,10.7993433,POINT (10.7993433 52.4221729)
K302Z1B,2016-09-24 03:09:00.000 +0200,60.0,52.4221729,10.7993433,POINT (10.7993433 52.4221729)
K302Z1B,2016-09-24 03:12:00.000 +0200,40.0,52.4221729,10.7993433,POINT (10.7993433 52.4221729)
K302Z1B,2016-09-24 03:15:00.000 +0200,40.0,52.4221729,10.7993433,POINT (10.7993433 52.4221729)
K302Z1B,2016-09-24 03:18:00.000 +0200,40.0,52.4221729,10.7993433,POINT (10.7993433 52.4221729)
K302Z1B,2016-09-24 03:21:00.000 +0200,80.0,52.4221729,10.7993433,POINT (10.7993433 52.4221729)
K302Z1B,2016-09-24 03:24:00.000 +0200,0.0,52.4221729,10.7993433,POINT (10.7993433 52.4221729)
K302Z1B,2016-09-24 03:27:00.000 +0200,60.0,52.4221729,10.7993433,POINT (10.7993433 52.4221729)
K302Z1B,2016-09-24 03:30:00.000 +0200,20.0,52.4221729,10.7993433,POINT (10.7993433 52.4221729)
K302Z1B,2016-09-24 03:33:00.000 +0200,20.0,52.4221729,10.7993433,POINT (10.7993433 52.4221729)
K302Z1B,2016-09-24 03:36:00.000 +0200,20.0,52.4221729,10.7993433,POINT (10.7993433 52.4221729)
K302Z1B,2016-09-24 03:39:00.000 +0200,20.0,52.4221729,10.7993433,POINT (10.7993433 52.4221729)
K302Z1B,2016-09-24 03:42:00.000 +0200,60.0,52.4221729,10.7993433,POINT (10.7993433 52.4221729)
K302Z1B,2016-09-24 03:45:00.000 +0200,80.0,52.4221729,10.7993433,POINT (10.7993433 52.4221729)
K302Z1B,2016-09-24 03:48:00.000 +0200,60.0,52.4221729,10.7993433,POINT (10.7993433 52.4221729)
K302Z1B,2016-09-24 03:51:00.000 +0200,40.0,52.4221729,10.7993433,POINT (10.7993433 52.4221729)
K302Z1B,2016-09-24 03:54:00.000 +0200,20.0,52.4221729,10.7993433,POINT (10.7993433 52.4221729)
K302Z1B,2016-09-24 03:57:00.000 +0200,20.0,52.4221729,10.7993433,POINT (10.7993433 52.4221729)
K302Z1B,2016-09-24 04:00:00.000 +0200,20.0,52.4221729,10.7993433,POINT (10.7993433 52.4221729)
K302Z1B,2016-09-24 04:03:00.000 +0200,20.0,52.4221729,10.7993433,POINT (10.7993433 52.4221729)
K302Z1B,2016-09-24 04:06:00.000 +0200,60.0,52.4221729,10.7993433,POINT (10.7993433 52.4221729)
K302Z1B,2016-09-24 04:09:00.000 +0200,20.0,52.4221729,10.7993433,POINT (10.7993433 52.4221729)
K302Z1B,2016-09-24 04:12:00.000 +0200,0.0,52.4221729,10.7993433,POINT (10.7993433 52.4221729)
K302Z1B,2016-09-24 04:15:00.000 +0200,20.0,52.4221729,10.7993433,POINT (10.7993433 52.4221729)
K302Z1B,2016-09-24 04:18:00.000 +0200,20.0,52.4221729,10.7993433,POINT (10.7993433 52.4221729)
K302Z1B,2016-09-24 04:21:00.000 +0200,60.0,52.4221729,10.7993433,POINT (10.7993433 52.4221729)
K302Z1B,2016-09-24 04:24:00.000 +0200,20.0,52.4221729,10.7993433,POINT (10.7993433 52.4221729)
K302Z1B,2016-09-24 04:27:00.000 +0200,20.0,52.4221729,10.7993433,POINT (10.7993433 52.4221729)
K302Z1B,2016-09-24 04:30:00.000 +0200,20.0,52.4221729,10.7993433,POINT (10.7993433 52.4221729)
K302Z1B,2016-09-24 04:33:00.000 +0200,0.0,52.4221729,10.7993433,POINT (10.7993433 52.4221729)
K302Z1B,2016-09-24 04:36:00.000 +0200,80.0,52.4221729,10.7993433,POINT (10.7993433 52.4221729)
K302Z1B,2016-09-24 04:39:00.000 +0200,20.0,52.4221729,10.7993433,POINT (10.7993433 52.4221729)
K302Z1B,2016-09-24 04:42:00.000 +0200,20.0,52.4221729,10.7993433,POINT (10.7993433 52.4221729)
K302Z1B,2016-09-24 04:45:00.000 +0200,40.0,52.4221729,10.7993433,POINT (10.7993433 52.4221729)
K302Z1B,2016-09-24 04:48:00.000 +0200,40.0,52.4221729,10.7993433,POINT (10.7993433 52.4221729)
K302Z1B,2016-09-24 04:51:00.000 +0200,0.0,52.4221729,10.7993433,POINT (10.7993433 52.4221729)
K302Z1B,2016-09-24 04:54:00.000 +0200,0.0,52.4221729,10.7993433,POINT (10.7993433 52.4221729)
K302Z1B,2016-09-24 04:57:00.000 +0200,0.0,52.4221729,10.7993433,POINT (10.7993433 52.4221729)
K302Z1B,2016-09-24 05:00:00.000 +0200,20.0,52.4221729,10.7993433,POINT (10.7993433 52.4221729)
K302Z1B,2016-09-24 05:03:00.000 +0200,40.0,52.4221729,10.7993433,POINT (10.7993433 52.4221729)
K302Z1B,2016-09-24 05:06:00.000 +0200,20.0,52.4221729,10.7993433,POINT (10.7993433 52.4221729)
K302Z1B,2016-09-24 05:09:00.000 +0200,0.0,52.4221729,10.7993433,POINT (10.7993433 52.4221729)
K302Z1B,2016-09-24 05:12:00.000 +0200,20.0,52.4221729,10.7993433,POINT (10.7993433 52.4221729)
K302Z1B,2016-09-24 05:15:00.000 +0200,0.0,52.4221729,10.7993433,POINT (10.7993433 52.4221729)
K302Z1B,2016-09-24 05:18:00.000 +0200,60.0,52.4221729,10.7993433,POINT (10.7993433 52.4221729)
K302Z1B,2016-09-24 05:21:00.000 +0200,20.0,52.4221729,10.7993433,POINT (10.7993433 52.4221729)
K302Z1B,2016-09-24 05:24:00.000 +0200,20.0,52.4221729,10.7993433,POINT (10.7993433 52.4221729)
K302Z1B,2016-09-24 05:27:00.000 +0200,0.0,52.4221729,10.7993433,POINT (10.7993433 52.4221729)
K302Z1B,2016-09-24 05:30:00.000 +0200,40.0,52.4221729,10.7993433,POINT (10.7993433 52.4221729)
K302Z1B,2016-09-24 05:33:00.000 +0200,0.0,52.4221729,10.7993433,POINT (10.7993433 52.4221729)
K302Z1B,2016-09-24 05:36:00.000 +0200,20.0,52.4221729,10.7993433,POINT (10.7993433 52.4221729)
K302Z1B,2016-09-24 05:39:00.000 +0200,0.0,52.4221729,10.7993433,POINT (10.7993433 52.4221729)
K302Z1B,2016-09-24 05:42:00.000 +0200,20.0,52.4221729,10.7993433,POINT (10.7993433 52.4221729)
K302Z1B,2016-09-24 05:45:00.000 +0200,20.0,52.4221729,10.7993433,POINT (10.7993433 52.4221729)
K302Z1B,2016-09-24 05:48:00.000 +0200,0.0,52.4221729,10.7993433,POINT (10.7993433 52.4221729)
K302Z1B,2016-09-24 05:51:00.000 +0200,20.0,52.4221729,10.7993433,POINT (10.7993433 52.4221729)
K302Z1B,2016-09-24 05:54:00.000 +0200,20.0,52.4221729,10.7993433,POINT (10.7993433 52.4221729)
K302Z1B,2016-09-24 05:57:00.000 +0200,60.0,52.4221729,10.7993433,POINT (10.7993433 52.4221729)
K302Z1B,2016-09-24 06:00:00.000 +0200,20.0,52.4221729,10.7993433,POINT (10.7993433 52.4221729)
K302Z1B,2016-09-24 06:03:00.000 +0200,60.0,52.4221729,10.7993433,POINT (10.7993433 52.4221729)
K302Z1B,2016-09-24 06:06:00.000 +0200,20.0,52.4221729,10.7993433,POINT (10.7993433 52.4221729)
K302Z1B,2016-09-24 06:09:00.000 +0200,0.0,52.4221729,10.7993433,POINT (10.7993433 52.4221729)
K302Z1B,2016-09-24 06:12:00.000 +0200,0.0,52.4221729,10.7993433,POINT (10.7993433 52.4221729)
K302Z1B,2016-09-24 06:15:00.000 +0200,20.0,52.4221729,10.7993433,POINT (10.7993433 52.4221729)
K302Z1B,2016-09-24 06:18:00.000 +0200,0.0,52.4221729,10.7993433,POINT (10.7993433 52.4221729)
K302Z1B,2016-09-24 06:21:00.000 +0200,40.0,52.4221729,10.7993433,POINT (10.7993433 52.4221729)
K302Z1B,2016-09-24 06:24:00.000 +0200,0.0,52.4221729,10.7993433,POINT (10.7993433 52.4221729)
K302Z1B,2016-09-24 06:27:00.000 +0200,20.0,52.4221729,10.7993433,POINT (10.7993433 52.4221729)
K302Z1B,2016-09-24 06:30:00.000 +0200,20.0,52.4221729,10.7993433,POINT (10.7993433 52.4221729)
K302Z1B,2016-09-24 06:33:00.000 +0200,40.0,52.4221729,10.7993433,POINT (10.7993433 52.4221729)
K302Z1B,2016-09-24 06:36:00.000 +0200,40.0,52.4221729,10.7993433,POINT (10.7993433 52.4221729)
K302Z1B,2016-09-24 06:39:00.000 +0200,40.0,52.4221729,10.7993433,POINT (10.7993433 52.4221729)
K302Z1B,2016-09-24 06:42:00.000 +0200,0.0,52.4221729,10.7993433,POINT (10.7993433 52.4221729)
K302Z1B,2016-09-24 06:45:00.000 +0200,0.0,52.4221729,10.7993433,POINT (10.7993433 52.4221729)
K302Z1B,2016-09-24 06:48:00.000 +0200,20.0,52.4221729,10.7993433,POINT (10.7993433 52.4221729)
K302Z1B,2016-09-24 06:51:00.000 +0200,20.0,52.4221729,10.7993433,POINT (10.7993433 52.4221729)
K302Z1B,2016-09-24 06:54:00.000 +0200,40.0,52.4221729,10.7993433,POINT (10.7993433 52.4221729)
K302Z1B,2016-09-24 06:57:00.000 +0200,20.0,52.4221729,10.7993433,POINT (10.7993433 52.4221729)
K302Z1B,2016-09-24 07:00:00.000 +0200,0.0,52.4221729,10.7993433,POINT (10.7993433 52.4221729)
K302Z1B,2016-09-24 07:03:00.000 +0200,60.0,52.4221729,10.7993433,POINT (10.7993433 52.4221729)
K302Z1B,2016-09-24 07:06:00.000 +0200,0.0,52.4221729,10.7993433,POINT (10.7993433 52.4221729)
K302Z1B,2016-09-24 07:09:00.000 +0200,0.0,52.4221729,10.7993433,POINT (10.7993433 52.4221729)
K302Z1B,2016-09-24 07:12:00.000 +0200,20.0,52.4221729,10.7993433,POINT (10.7993433 52.4221729)
K302Z1B,2016-09-24 07:15:00.000 +0200,40.0,52.4221729,10.7993433,POINT (10.7993433 52.4221729)
K302Z1B,2016-09-24 07:18:00.000 +0200,60.0,52.4221729,10.7993433,POINT (10.7993433 52.4221729)
K302Z1B,2016-09-24 07:21:00.000 +0200,40.0,52.4221729,10.7993433,POINT (10.7993433 52.4221729)
K302Z1B,2016-09-24 07:24:00.000 +0200,80.0,52.4221729,10.7993433,POINT (10.7993433 52.4221729)
K302Z1B,2016-09-24 07:27:00.000 +0200,80.0,52.4221729,10.7993433,POINT (10.7993433 52.4221729)
K302Z1B,2016-09-24 07:30:00.000 +0200,140.0,52.4221729,10.7993433,POINT (10.7993433 52.4221729)
K302Z1B,2016-09-24 07:33:00.000 +0200,80.0,52.4221729,10.7993433,POINT (10.7993433 52.4221729)
K302Z1B,2016-09-24 07:36:00.000 +0200,240.0,52.4221729,10.7993433,POINT (10.7993433 52.4221729)
K302Z1B,2016-09-24 07:39:00.000 +0200,220.0,52.4221729,10.7993433,POINT (10.7993433 52.4221729)
K302Z1B,2016-09-24 07:42:00.000 +0200,320.0,52.4221729,10.7993433,POINT (10.7993433 52.4221729)
K302Z1B,2016-09-24 07:45:00.000 +0200,420.0,52.4221729,10.7993433,POINT (10.7993433 52.4221729)
K302Z1B,2016-09-24 07:48:00.000 +0200,740.0,52.4221729,10.7993433,POINT (10.7993433 52.4221729)
K302Z1B,2016-09-24 07:51:00.000 +0200,700.0,52.4221729,10.7993433,POINT (10.7993433 52.4221729)
K302Z1B,2016-09-24 07:54:00.000 +0200,460.0,52.4221729,10.7993433,POINT (10.7993433 52.4221729)
K302Z1B,2016-09-24 07:57:00.000 +0200,300.0,52.4221729,10.7993433,POINT (10.7993433 52.4221729)
K302Z1B,2016-09-24 08:00:00.000 +0200,540.0,52.4221729,10.7993433,POINT (10.7993433 52.4221729)
K302Z1B,2016-09-24 08:03:00.000 +0200,500.0,52.4221729,10.7993433,POINT (10.7993433 52.4221729)
K302Z1B,2016-09-24 08:06:00.000 +0200,480.0,52.4221729,10.7993433,POINT (10.7993433 52.4221729)
K302Z1B,2016-09-24 08:09:00.000 +0200,220.0,52.4221729,10.7993433,POINT (10.7993433 52.4221729)
K302Z1B,2016-09-24 08:12:00.000 +0200,140.0,52.4221729,10.7993433,POINT (10.7993433 52.4221729)
K302Z1B,2016-09-24 08:15:00.000 +0200,300.0,52.4221729,10.7993433,POINT (10.7993433 52.4221729)
K302Z1B,2016-09-24 08:18:00.000 +0200,380.0,52.4221729,10.7993433,POINT (10.7993433 52.4221729)
K302Z1B,2016-09-24 08:21:00.000 +0200,360.0,52.4221729,10.7993433,POINT (10.7993433 52.4221729)
K302Z1B,2016-09-24 08:24:00.000 +0200,100.0,52.4221729,10.7993433,POINT (10.7993433 52.4221729)
K302Z1B,2016-09-24 08:27:00.000 +0200,240.0,52.4221729,10.7993433,POINT (10.7993433 52.4221729)
K302Z1B,2016-09-24 08:30:00.000 +0200,340.0,52.4221729,10.7993433,POINT (10.7993433 52.4221729)
K302Z1B,2016-09-24 08:33:00.000 +0200,180.0,52.4221729,10.7993433,POINT (10.7993433 52.4221729)
K302Z1B,2016-09-24 08:36:00.000 +0200,280.0,52.4221729,10.7993433,POINT (10.7993433 52.4221729)
K302Z1B,2016-09-24 08:39:00.000 +0200,480.0,52.4221729,10.7993433,POINT (10.7993433 52.4221729)
K302Z1B,2016-09-24 08:42:00.000 +0200,260.0,52.4221729,10.7993433,POINT (10.7993433 52.4221729)
K302Z1B,2016-09-24 08:45:00.000 +0200,380.0,52.4221729,10.7993433,POINT (10.7993433 52.4221729)
K302Z1B,2016-09-24 08:48:00.000 +0200,360.0,52.4221729,10.7993433,POINT (10.7993433 52.4221729)
K302Z1B,2016-09-24 08:51:00.000 +0200,140.0,52.4221729,10.7993433,POINT (10.7993433 52.4221729)
K302Z1B,2016-09-24 08:54:00.000 +0200,100.0,52.4221729,10.7993433,POINT (10.7993433 52.4221729)
K302Z1B,2016-09-24 08:57:00.000 +0200,280.0,52.4221729,10.7993433,POINT (10.7993433 52.4221729)
K302Z1B,2016-09-24 09:00:00.000 +0200,120.0,52.4221729,10.7993433,POINT (10.7993433 52.4221729)
K302Z1B,2016-09-24 09:03:00.000 +0200,200.0,52.4221729,10.7993433,POINT (10.7993433 52.4221729)
K302Z1B,2016-09-24 09:06:00.000 +0200,100.0,52.4221729,10.7993433,POINT (10.7993433 52.4221729)
K302Z1B,2016-09-24 09:09:00.000 +0200,60.0,52.4221729,10.7993433,POINT (10.7993433 52.4221729)
K302Z1B,2016-09-24 09:12:00.000 +0200,240.0,52.4221729,10.7993433,POINT (10.7993433 52.4221729)
K302Z1B,2016-09-24 09:15:00.000 +0200,160.0,52.4221729,10.7993433,POINT (10.7993433 52.4221729)
K302Z1B,2016-09-24 09:18:00.000 +0200,120.0,52.4221729,10.7993433,POINT (10.7993433 52.4221729)
K302Z1B,2016-09-24 09:21:00.000 +0200,120.0,52.4221729,10.7993433,POINT (10.7993433 52.4221729)
K302Z1B,2016-09-24 09:24:00.000 +0200,120.0,52.4221729,10.7993433,POINT (10.7993433 52.4221729)
K302Z1B,2016-09-24 09:27:00.000 +0200,180.0,52.4221729,10.7993433,POINT (10.7993433 52.4221729)
K302Z1B,2016-09-24 09:30:00.000 +0200,140.0,52.4221729,10.7993433,POINT (10.7993433 52.4221729)
K302Z1B,2016-09-24 09:33:00.000 +0200,20.0,52.4221729,10.7993433,POINT (10.7993433 52.4221729)
K302Z1B,2016-09-24 09:36:00.000 +0200,40.0,52.4221729,10.7993433,POINT (10.7993433 52.4221729)
K302Z1B,2016-09-24 09:39:00.000 +0200,160.0,52.4221729,10.7993433,POINT (10.7993433 52.4221729)
K302Z1B,2016-09-24 09:42:00.000 +0200,100.0,52.4221729,10.7993433,POINT (10.7993433 52.4221729)
K302Z1B,2016-09-24 09:45:00.000 +0200,180.0,52.4221729,10.7993433,POINT (10.7993433 52.4221729)
K302Z1B,2016-09-24 09:48:00.000 +0200,120.0,52.4221729,10.7993433,POINT (10.7993433 52.4221729)
K302Z1B,2016-09-24 09:51:00.000 +0200,100.0,52.4221729,10.7993433,POINT (10.7993433 52.4221729)
K302Z1B,2016-09-24 09:54:00.000 +0200,60.0,52.4221729,10.7993433,POINT (10.7993433 52.4221729)
K302Z1B,2016-09-24 09:57:00.000 +0200,100.0,52.4221729,10.7993433,POINT (10.7993433 52.4221729)
K302Z1B,2016-09-24 10:00:00.000 +0200,200.0,52.4221729,10.7993433,POINT (10.7993433 52.4221729)
K302Z1B,2016-09-24 10:03:00.000 +0200,140.0,52.4221729,10.7993433,POINT (10.7993433 52.4221729)
K302Z1B,2016-09-24 10:06:00.000 +0200,160.0,52.4221729,10.7993433,POINT (10.7993433 52.4221729)
K302Z1B,2016-09-24 10:09:00.000 +0200,240.0,52.4221729,10.7993433,POINT (10.7993433 52.4221729)
K302Z1B,2016-09-24 10:12:00.000 +0200,100.0,52.4221729,10.7993433,POINT (10.7993433 52.4221729)
K302Z1B,2016-09-24 10:15:00.000 +0200,180.0,52.4221729,10.7993433,POINT (10.7993433 52.4221729)
K302Z1B,2016-09-24 10:18:00.000 +0200,160.0,52.4221729,10.7993433,POINT (10.7993433 52.4221729)
K302Z1B,2016-09-24 10:21:00.000 +0200,320.0,52.4221729,10.7993433,POINT (10.7993433 52.4221729)
K302Z1B,2016-09-24 10:24:00.000 +0200,100.0,52.4221729,10.7993433,POINT (10.7993433 52.4221729)
K302Z1B,2016-09-24 10:27:00.000 +0200,200.0,52.4221729,10.7993433,POINT (10.7993433 52.4221729)
K302Z1B,2016-09-24 10:30:00.000 +0200,200.0,52.4221729,10.7993433,POINT (10.7993433 52.4221729)
K302Z1B,2016-09-24 10:33:00.000 +0200,160.0,52.4221729,10.7993433,POINT (10.7993433 52.4221729)
K302Z1B,2016-09-24 10:36:00.000 +0200,380.0,52.4221729,10.7993433,POINT (10.7993433 52.4221729)
K302Z1B,2016-09-24 10:39:00.000 +0200,340.0,52.4221729,10.7993433,POINT (10.7993433 52.4221729)
K302Z1B,2016-09-24 10:42:00.000 +0200,260.0,52.4221729,10.7993433,POINT (10.7993433 52.4221729)
K302Z1B,2016-09-24 10:45:00.000 +0200,360.0,52.4221729,10.7993433,POINT (10.7993433 52.4221729)
K302Z1B,2016-09-24 10:48:00.000 +0200,280.0,52.4221729,10.7993433,POINT (10.7993433 52.4221729)
K302Z1B,2016-09-24 10:51:00.000 +0200,340.0,52.4221729,10.7993433,POINT (10.7993433 52.4221729)
K302Z1B,2016-09-24 10:54:00.000 +0200,360.0,52.4221729,10.7993433,POINT (10.7993433 52.4221729)
K302Z1B,2016-09-24 10:57:00.000 +0200,400.0,52.4221729,10.7993433,POINT (10.7993433 52.4221729)
K302Z1B,2016-09-24 11:00:00.000 +0200,400.0,52.4221729,10.7993433,POINT (10.7993433 52.4221729)
K302Z1B,2016-09-24 11:03:00.000 +0200,280.0,52.4221729,10.7993433,POINT (10.7993433 52.4221729)
K302Z1B,2016-09-24 11:06:00.000 +0200,240.0,52.4221729,10.7993433,POINT (10.7993433 52.4221729)
K302Z1B,2016-09-24 11:09:00.000 +0200,260.0,52.4221729,10.7993433,POINT (10.7993433 52.4221729)
K302Z1B,2016-09-24 11:12:00.000 +0200,400.0,52.4221729,10.7993433,POINT (10.7993433 52.4221729)
K302Z1B,2016-09-24 11:15:00.000 +0200,320.0,52.4221729,10.7993433,POINT (10.7993433 52.4221729)
K302Z1B,2016-09-24 11:18:00.000 +0200,460.0,52.4221729,10.7993433,POINT (10.7993433 52.4221729)
K302Z1B,2016-09-24 11:21:00.000 +0200,480.0,52.4221729,10.7993433,POINT (10.7993433 52.4221729)
K302Z1B,2016-09-24 11:24:00.000 +0200,360.0,52.4221729,10.7993433,POINT (10.7993433 52.4221729)
K302Z1B,2016-09-24 11:27:00.000 +0200,320.0,52.4221729,10.7993433,POINT (10.7993433 52.4221729)
K302Z1B,2016-09-24 11:30:00.000 +0200,280.0,52.4221729,10.7993433,POINT (10.7993433 52.4221729)
K302Z1B,2016-09-24 11:33:00.000 +0200,520.0,52.4221729,10.7993433,POINT (10.7993433 52.4221729)
K302Z1B,2016-09-24 11:36:00.000 +0200,300.0,52.4221729,10.7993433,POINT (10.7993433 52.4221729)
K302Z1B,2016-09-24 11:39:00.000 +0200,400.0,52.4221729,10.7993433,POINT (10.7993433 52.4221729)
K302Z1B,2016-09-24 11:42:00.000 +0200,260.0,52.4221729,10.7993433,POINT (10.7993433 52.4221729)
K302Z1B,2016-09-24 11:45:00.000 +0200,440.0,52.4221729,10.7993433,POINT (10.7993433 52.4221729)
K302Z1B,2016-09-24 11:48:00.000 +0200,340.0,52.4221729,10.7993433,POINT (10.7993433 52.4221729)
K302Z1B,2016-09-24 11:51:00.000 +0200,380.0,52.4221729,10.7993433,POINT (10.7993433 52.4221729)
K302Z1B,2016-09-24 11:54:00.000 +0200,380.0,52.4221729,10.7993433,POINT (10.7993433 52.4221729)
K302Z1B,2016-09-24 11:57:00.000 +0200,400.0,52.4221729,10.7993433,POINT (10.7993433 52.4221729)
K302Z1B,2016-09-24 12:00:00.000 +0200,300.0,52.4221729,10.7993433,POINT (10.7993433 52.4221729)
K302Z1B,2016-09-24 12:03:00.000 +0200,540.0,52.4221729,10.7993433,POINT (10.7993433 52.4221729)
K302Z1B,2016-09-24 12:06:00.000 +0200,380.0,52.4221729,10.7993433,POINT (10.7993433 52.4221729)
K302Z1B,2016-09-24 12:09:00.000 +0200,540.0,52.4221729,10.7993433,POINT (10.7993433 52.4221729)
K302Z1B,2016-09-24 12:12:00.000 +0200,440.0,52.4221729,10.7993433,POINT (10.7993433 52.4221729)
K302Z1B,2016-09-24 12:15:00.000 +0200,500.0,52.4221729,10.7993433,POINT (10.7993433 52.4221729)
K302Z1B,2016-09-24 12:18:00.000 +0200,380.0,52.4221729,10.7993433,POINT (10.7993433 52.4221729)
K302Z1B,2016-09-24 12:21:00.000 +0200,580.0,52.4221729,10.7993433,POINT (10.7993433 52.4221729)
K302Z1B,2016-09-24 12:24:00.000 +0200,320.0,52.4221729,10.7993433,POINT (10.7993433 52.4221729)
K302Z1B,2016-09-24 12:27:00.000 +0200,440.0,52.4221729,10.7993433,POINT (10.7993433 52.4221729)
K302Z1B,2016-09-24 12:30:00.000 +0200,560.0,52.4221729,10.7993433,POINT (10.7993433 52.4221729)
K302Z1B,2016-09-24 12:33:00.000 +0200,600.0,52.4221729,10.7993433,POINT (10.7993433 52.4221729)
K302Z1B,2016-09-24 12:36:00.000 +0200,280.0,52.4221729,10.7993433,POINT (10.7993433 52.4221729)
K302Z1B,2016-09-24 12:39:00.000 +0200,500.0,52.4221729,10.7993433,POINT (10.7993433 52.4221729)
K302Z1B,2016-09-24 12:42:00.000 +0200,340.0,52.4221729,10.7993433,POINT (10.7993433 52.4221729)
K302Z1B,2016-09-24 12:45:00.000 +0200,460.0,52.4221729,10.7993433,POINT (10.7993433 52.4221729)
K302Z1B,2016-09-24 12:48:00.000 +0200,520.0,52.4221729,10.7993433,POINT (10.7993433 52.4221729)
K302Z1B,2016-09-24 12:51:00.000 +0200,420.0,52.4221729,10.7993433,POINT (10.7993433 52.4221729)
K302Z1B,2016-09-24 12:54:00.000 +0200,360.0,52.4221729,10.7993433,POINT (10.7993433 52.4221729)
K302Z1B,2016-09-24 12:57:00.000 +0200,540.0,52.4221729,10.7993433,POINT (10.7993433 52.4221729)
K302Z1B,2016-09-24 13:00:00.000 +0200,600.0,52.4221729,10.7993433,POINT (10.7993433 52.4221729)
K302Z1B,2016-09-24 13:03:00.000 +0200,280.0,52.4221729,10.7993433,POINT (10.7993433 52.4221729)
K302Z1B,2016-09-24 13:06:00.000 +0200,580.0,52.4221729,10.7993433,POINT (10.7993433 52.4221729)
K302Z1B,2016-09-24 13:09:00.000 +0200,660.0,52.4221729,10.7993433,POINT (10.7993433 52.4221729)
K302Z1B,2016-09-24 13:12:00.000 +0200,440.0,52.4221729,10.7993433,POINT (10.7993433 52.4221729)
K302Z1B,2016-09-24 13:15:00.000 +0200,540.0,52.4221729,10.7993433,POINT (10.7993433 52.4221729)
K302Z1B,2016-09-24 13:18:00.000 +0200,660.0,52.4221729,10.7993433,POINT (10.7993433 52.4221729)
K302Z1B,2016-09-24 13:21:00.000 +0200,680.0,52.4221729,10.7993433,POINT (10.7993433 52.4221729)
K302Z1B,2016-09-24 13:24:00.000 +0200,380.0,52.4221729,10.7993433,POINT (10.7993433 52.4221729)
K302Z1B,2016-09-24 13:27:00.000 +0200,320.0,52.4221729,10.7993433,POINT (10.7993433 52.4221729)
K302Z1B,2016-09-24 13:30:00.000 +0200,500.0,52.4221729,10.7993433,POINT (10.7993433 52.4221729)
K302Z1B,2016-09-24 13:33:00.000 +0200,800.0,52.4221729,10.7993433,POINT (10.7993433 52.4221729)
K302Z1B,2016-09-24 13:36:00.000 +0200,540.0,52.4221729,10.7993433,POINT (10.7993433 52.4221729)
K302Z1B,2016-09-24 13:39:00.000 +0200,500.0,52.4221729,10.7993433,POINT (10.7993433 52.4221729)
K302Z1B,2016-09-24 13:42:00.000 +0200,720.0,52.4221729,10.7993433,POINT (10.7993433 52.4221729)
K302Z1B,2016-09-24 13:45:00.000 +0200,620.0,52.4221729,10.7993433,POINT (10.7993433 52.4221729)
K302Z1B,2016-09-24 13:48:00.000 +0200,280.0,52.4221729,10.7993433,POINT (10.7993433 52.4221729)
K302Z1B,2016-09-24 13:51:00.000 +0200,580.0,52.4221729,10.7993433,POINT (10.7993433 52.4221729)
K302Z1B,2016-09-24 13:54:00.000 +0200,420.0,52.4221729,10.7993433,POINT (10.7993433 52.4221729)
K302Z1B,2016-09-24 13:57:00.000 +0200,500.0,52.4221729,10.7993433,POINT (10.7993433 52.4221729)
K302Z1B,2016-09-24 14:00:00.000 +0200,440.0,52.4221729,10.7993433,POINT (10.7993433 52.4221729)
K302Z1B,2016-09-24 14:03:00.000 +0200,620.0,52.4221729,10.7993433,POINT (10.7993433 52.4221729)
K302Z1B,2016-09-24 14:06:00.000 +0200,540.0,52.4221729,10.7993433,POINT (10.7993433 52.4221729)
K302Z1B,2016-09-24 14:09:00.000 +0200,660.0,52.4221729,10.7993433,POINT (10.7993433 52.4221729)
K302Z1B,2016-09-24 14:12:00.000 +0200,400.0,52.4221729,10.7993433,POINT (10.7993433 52.4221729)
K302Z1B,2016-09-24 14:15:00.000 +0200,380.0,52.4221729,10.7993433,POINT (10.7993433 52.4221729)
K302Z1B,2016-09-24 14:18:00.000 +0200,320.0,52.4221729,10.7993433,POINT (10.7993433 52.4221729)
K302Z1B,2016-09-24 14:21:00.000 +0200,700.0,52.4221729,10.7993433,POINT (10.7993433 52.4221729)
K302Z1B,2016-09-24 14:24:00.000 +0200,720.0,52.4221729,10.7993433,POINT (10.7993433 52.4221729)
K302Z1B,2016-09-24 14:27:00.000 +0200,640.0,52.4221729,10.7993433,POINT (10.7993433 52.4221729)
K302Z1B,2016-09-24 14:30:00.000 +0200,520.0,52.4221729,10.7993433,POINT (10.7993433 52.4221729)
K302Z1B,2016-09-24 14:33:00.000 +0200,540.0,52.4221729,10.7993433,POINT (10.7993433 52.4221729)
K302Z1B,2016-09-24 14:36:00.000 +0200,540.0,52.4221729,10.7993433,POINT (10.7993433 52.4221729)
K302Z1B,2016-09-24 14:39:00.000 +0200,360.0,52.4221729,10.7993433,POINT (10.7993433 52.4221729)
K302Z1B,2016-09-24 14:42:00.000 +0200,480.0,52.4221729,10.7993433,POINT (10.7993433 52.4221729)
K302Z1B,2016-09-24 14:45:00.000 +0200,420.0,52.4221729,10.7993433,POINT (10.7993433 52.4221729)
K302Z1B,2016-09-24 14:48:00.000 +0200,480.0,52.4221729,10.7993433,POINT (10.7993433 52.4221729)
K302Z1B,2016-09-24 14:51:00.000 +0200,380.0,52.4221729,10.7993433,POINT (10.7993433 52.4221729)
K302Z1B,2016-09-24 14:54:00.000 +0200,800.0,52.4221729,10.7993433,POINT (10.7993433 52.4221729)
K302Z1B,2016-09-24 14:57:00.000 +0200,580.0,52.4221729,10.7993433,POINT (10.7993433 52.4221729)
K302Z1B,2016-09-24 15:00:00.000 +0200,500.0,52.4221729,10.7993433,POINT (10.7993433 52.4221729)
K302Z1B,2016-09-24 15:03:00.000 +0200,460.0,52.4221729,10.7993433,POINT (10.7993433 52.4221729)
K302Z1B,2016-09-24 15:06:00.000 +0200,520.0,52.4221729,10.7993433,POINT (10.7993433 52.4221729)
K302Z1B,2016-09-24 15:09:00.000 +0200,580.0,52.4221729,10.7993433,POINT (10.7993433 52.4221729)
K302Z1B,2016-09-24 15:12:00.000 +0200,520.0,52.4221729,10.7993433,POINT (10.7993433 52.4221729)
K302Z1B,2016-09-24 15:15:00.000 +0200,580.0,52.4221729,10.7993433,POINT (10.7993433 52.4221729)
K302Z1B,2016-09-24 15:18:00.000 +0200,640.0,52.4221729,10.7993433,POINT (10.7993433 52.4221729)
K302Z1B,2016-09-24 15:21:00.000 +0200,560.0,52.4221729,10.7993433,POINT (10.7993433 52.4221729)
K302Z1B,2016-09-24 15:24:00.000 +0200,440.0,52.4221729,10.7993433,POINT (10.7993433 52.4221729)
K302Z1B,2016-09-24 15:27:00.000 +0200,320.0,52.4221729,10.7993433,POINT (10.7993433 52.4221729)
K302Z1B,2016-09-24 15:30:00.000 +0200,620.0,52.4221729,10.7993433,POINT (10.7993433 52.4221729)
K302Z1B,2016-09-24 15:33:00.000 +0200,460.0,52.4221729,10.7993433,POINT (10.7993433 52.4221729)
K302Z1B,2016-09-24 15:36:00.000 +0200,400.0,52.4221729,10.7993433,POINT (10.7993433 52.4221729)
K302Z1B,2016-09-24 15:39:00.000 +0200,460.0,52.4221729,10.7993433,POINT (10.7993433 52.4221729)
K302Z1B,2016-09-24 15:42:00.000 +0200,380.0,52.4221729,10.7993433,POINT (10.7993433 52.4221729)
K302Z1B,2016-09-24 15:45:00.000 +0200,620.0,52.4221729,10.7993433,POINT (10.7993433 52.4221729)
K302Z1B,2016-09-24 15:48:00.000 +0200,720.0,52.4221729,10.7993433,POINT (10.7993433 52.4221729)
K302Z1B,2016-09-24 15:51:00.000 +0200,480.0,52.4221729,10.7993433,POINT (10.7993433 52.4221729)
K302Z1B,2016-09-24 15:54:00.000 +0200,620.0,52.4221729,10.7993433,POINT (10.7993433 52.4221729)
K302Z1B,2016-09-24 15:57:00.000 +0200,620.0,52.4221729,10.7993433,POINT (10.7993433 52.4221729)
K302Z1B,2016-09-24 16:00:00.000 +0200,420.0,52.4221729,10.7993433,POINT (10.7993433 52.4221729)
K302Z1B,2016-09-24 16:03:00.000 +0200,440.0,52.4221729,10.7993433,POINT (10.7993433 52.4221729)
K302Z1B,2016-09-24 16:06:00.000 +0200,380.0,52.4221729,10.7993433,POINT (10.7993433 52.4221729)
K302Z1B,2016-09-24 16:09:00.000 +0200,540.0,52.4221729,10.7993433,POINT (10.7993433 52.4221729)
K302Z1B,2016-09-24 16:12:00.000 +0200,500.0,52.4221729,10.7993433,POINT (10.7993433 52.4221729)
K302Z1B,2016-09-24 16:15:00.000 +0200,460.0,52.4221729,10.7993433,POINT (10.7993433 52.4221729)
K302Z1B,2016-09-24 16:18:00.000 +0200,680.0,52.4221729,10.7993433,POINT (10.7993433 52.4221729)
K302Z1B,2016-09-24 16:21:00.000 +0200,600.0,52.4221729,10.7993433,POINT (10.7993433 52.4221729)
K302Z1B,2016-09-24 16:24:00.000 +0200,520.0,52.4221729,10.7993433,POINT (10.7993433 52.4221729)
K302Z1B,2016-09-24 16:27:00.000 +0200,660.0,52.4221729,10.7993433,POINT (10.7993433 52.4221729)
K302Z1B,2016-09-24 16:30:00.000 +0200,400.0,52.4221729,10.7993433,POINT (10.7993433 52.4221729)
K302Z1B,2016-09-24 16:33:00.000 +0200,680.0,52.4221729,10.7993433,POINT (10.7993433 52.4221729)
K302Z1B,2016-09-24 16:36:00.000 +0200,800.0,52.4221729,10.7993433,POINT (10.7993433 52.4221729)
K302Z1B,2016-09-24 16:39:00.000 +0200,640.0,52.4221729,10.7993433,POINT (10.7993433 52.4221729)
K302Z1B,2016-09-24 16:42:00.000 +0200,560.0,52.4221729,10.7993433,POINT (10.7993433 52.4221729)
K302Z1B,2016-09-24 16:45:00.000 +0200,520.0,52.4221729,10.7993433,POINT (10.7993433 52.4221729)
K302Z1B,2016-09-24 16:48:00.000 +0200,520.0,52.4221729,10.7993433,POINT (10.7993433 52.4221729)
K302Z1B,2016-09-24 16:51:00.000 +0200,420.0,52.4221729,10.7993433,POINT (10.7993433 52.4221729)
K302Z1B,2016-09-24 16:54:00.000 +0200,520.0,52.4221729,10.7993433,POINT (10.7993433 52.4221729)
K302Z1B,2016-09-24 16:57:00.000 +0200,380.0,52.4221729,10.7993433,POINT (10.7993433 52.4221729)
K302Z1B,2016-09-24 17:00:00.000 +0200,580.0,52.4221729,10.7993433,POINT (10.7993433 52.4221729)
K302Z1B,2016-09-24 17:03:00.000 +0200,700.0,52.4221729,10.7993433,POINT (10.7993433 52.4221729)
K302Z1B,2016-09-24 17:06:00.000 +0200,540.0,52.4221729,10.7993433,POINT (10.7993433 52.4221729)
K302Z1B,2016-09-24 17:09:00.000 +0200,620.0,52.4221729,10.7993433,POINT (10.7993433 52.4221729)
K302Z1B,2016-09-24 17:12:00.000 +0200,420.0,52.4221729,10.7993433,POINT (10.7993433 52.4221729)
K302Z1B,2016-09-24 17:15:00.000 +0200,700.0,52.4221729,10.7993433,POINT (10.7993433 52.4221729)
K302Z1B,2016-09-24 17:18:00.000 +0200,480.0,52.4221729,10.7993433,POINT (10.7993433 52.4221729)
K302Z1B,2016-09-24 17:21:00.000 +0200,640.0,52.4221729,10.7993433,POINT (10.7993433 52.4221729)
K302Z1B,2016-09-24 17:24:00.000 +0200,380.0,52.4221729,10.7993433,POINT (10.7993433 52.4221729)
K302Z1B,2016-09-24 17:27:00.000 +0200,380.0,52.4221729,10.7993433,POINT (10.7993433 52.4221729)
K302Z1B,2016-09-24 17:30:00.000 +0200,300.0,52.4221729,10.7993433,POINT (10.7993433 52.4221729)
K302Z1B,2016-09-24 17:33:00.000 +0200,420.0,52.4221729,10.7993433,POINT (10.7993433 52.4221729)
K302Z1B,2016-09-24 17:36:00.000 +0200,600.0,52.4221729,10.7993433,POINT (10.7993433 52.4221729)
K302Z1B,2016-09-24 17:39:00.000 +0200,300.0,52.4221729,10.7993433,POINT (10.7993433 52.4221729)
K302Z1B,2016-09-24 17:42:00.000 +0200,380.0,52.4221729,10.7993433,POINT (10.7993433 52.4221729)
K302Z1B,2016-09-24 17:45:00.000 +0200,540.0,52.4221729,10.7993433,POINT (10.7993433 52.4221729)
K302Z1B,2016-09-24 17:48:00.000 +0200,260.0,52.4221729,10.7993433,POINT (10.7993433 52.4221729)
K302Z1B,2016-09-24 17:51:00.000 +0200,500.0,52.4221729,10.7993433,POINT (10.7993433 52.4221729)
K302Z1B,2016-09-24 17:54:00.000 +0200,520.0,52.4221729,10.7993433,POINT (10.7993433 52.4221729)
K302Z1B,2016-09-24 17:57:00.000 +0200,380.0,52.4221729,10.7993433,POINT (10.7993433 52.4221729)
K302Z1B,2016-09-24 18:00:00.000 +0200,380.0,52.4221729,10.7993433,POINT (10.7993433 52.4221729)
K302Z1B,2016-09-24 18:03:00.000 +0200,360.0,52.4221729,10.7993433,POINT (10.7993433 52.4221729)
K302Z1B,2016-09-24 18:06:00.000 +0200,380.0,52.4221729,10.7993433,POINT (10.7993433 52.4221729)
K302Z1B,2016-09-24 18:09:00.000 +0200,520.0,52.4221729,10.7993433,POINT (10.7993433 52.4221729)
K302Z1B,2016-09-24 18:12:00.000 +0200,340.0,52.4221729,10.7993433,POINT (10.7993433 52.4221729)
K302Z1B,2016-09-24 18:15:00.000 +0200,480.0,52.4221729,10.7993433,POINT (10.7993433 52.4221729)
K302Z1B,2016-09-24 18:18:00.000 +0200,620.0,52.4221729,10.7993433,POINT (10.7993433 52.4221729)
K302Z1B,2016-09-24 18:21:00.000 +0200,520.0,52.4221729,10.7993433,POINT (10.7993433 52.4221729)
K302Z1B,2016-09-24 18:24:00.000 +0200,380.0,52.4221729,10.7993433,POINT (10.7993433 52.4221729)
K302Z1B,2016-09-24 18:27:00.000 +0200,440.0,52.4221729,10.7993433,POINT (10.7993433 52.4221729)
K302Z1B,2016-09-24 18:30:00.000 +0200,520.0,52.4221729,10.7993433,POINT (10.7993433 52.4221729)
K302Z1B,2016-09-24 18:33:00.000 +0200,360.0,52.4221729,10.7993433,POINT (10.7993433 52.4221729)
K302Z1B,2016-09-24 18:36:00.000 +0200,440.0,52.4221729,10.7993433,POINT (10.7993433 52.4221729)
K302Z1B,2016-09-24 18:39:00.000 +0200,440.0,52.4221729,10.7993433,POINT (10.7993433 52.4221729)
K302Z1B,2016-09-24 18:42:00.000 +0200,540.0,52.4221729,10.7993433,POINT (10.7993433 52.4221729)
K302Z1B,2016-09-24 18:45:00.000 +0200,500.0,52.4221729,10.7993433,POINT (10.7993433 52.4221729)
K302Z1B,2016-09-24 18:48:00.000 +0200,360.0,52.4221729,10.7993433,POINT (10.7993433 52.4221729)
K302Z1B,2016-09-24 18:51:00.000 +0200,480.0,52.4221729,10.7993433,POINT (10.7993433 52.4221729)
K302Z1B,2016-09-24 18:54:00.000 +0200,380.0,52.4221729,10.7993433,POINT (10.7993433 52.4221729)
K302Z1B,2016-09-24 18:57:00.000 +0200,420.0,52.4221729,10.7993433,POINT (10.7993433 52.4221729)
K302Z1B,2016-09-24 19:00:00.000 +0200,460.0,52.4221729,10.7993433,POINT (10.7993433 52.4221729)
K302Z1B,2016-09-24 19:03:00.000 +0200,420.0,52.4221729,10.7993433,POINT (10.7993433 52.4221729)
K302Z1B,2016-09-24 19:06:00.000 +0200,500.0,52.4221729,10.7993433,POINT (10.7993433 52.4221729)
K302Z1B,2016-09-24 19:09:00.000 +0200,460.0,52.4221729,10.7993433,POINT (10.7993433 52.4221729)
K302Z1B,2016-09-24 19:12:00.000 +0200,600.0,52.4221729,10.7993433,POINT (10.7993433 52.4221729)
K302Z1B,2016-09-24 19:15:00.000 +0200,600.0,52.4221729,10.7993433,POINT (10.7993433 52.4221729)
K302Z1B,2016-09-24 19:18:00.000 +0200,500.0,52.4221729,10.7993433,POINT (10.7993433 52.4221729)
K302Z1B,2016-09-24 19:21:00.000 +0200,440.0,52.4221729,10.7993433,POINT (10.7993433 52.4221729)
K302Z1B,2016-09-24 19:24:00.000 +0200,360.0,52.4221729,10.7993433,POINT (10.7993433 52.4221729)
K302Z1B,2016-09-24 19:27:00.000 +0200,580.0,52.4221729,10.7993433,POINT (10.7993433 52.4221729)
K302Z1B,2016-09-24 19:30:00.000 +0200,220.0,52.4221729,10.7993433,POINT (10.7993433 52.4221729)
K302Z1B,2016-09-24 19:33:00.000 +0200,620.0,52.4221729,10.7993433,POINT (10.7993433 52.4221729)
K302Z1B,2016-09-24 19:36:00.000 +0200,360.0,52.4221729,10.7993433,POINT (10.7993433 52.4221729)
K302Z1B,2016-09-24 19:39:00.000 +0200,500.0,52.4221729,10.7993433,POINT (10.7993433 52.4221729)
K302Z1B,2016-09-24 19:42:00.000 +0200,340.0,52.4221729,10.7993433,POINT (10.7993433 52.4221729)
K302Z1B,2016-09-24 19:45:00.000 +0200,340.0,52.4221729,10.7993433,POINT (10.7993433 52.4221729)
K302Z1B,2016-09-24 19:48:00.000 +0200,420.0,52.4221729,10.7993433,POINT (10.7993433 52.4221729)
K302Z1B,2016-09-24 19:51:00.000 +0200,580.0,52.4221729,10.7993433,POINT (10.7993433 52.4221729)
K302Z1B,2016-09-24 19:54:00.000 +0200,440.0,52.4221729,10.7993433,POINT (10.7993433 52.4221729)
K302Z1B,2016-09-24 19:57:00.000 +0200,440.0,52.4221729,10.7993433,POINT (10.7993433 52.4221729)
K302Z1B,2016-09-24 20:00:00.000 +0200,540.0,52.4221729,10.7993433,POINT (10.7993433 52.4221729)
K302Z1B,2016-09-24 20:03:00.000 +0200,360.0,52.4221729,10.7993433,POINT (10.7993433 52.4221729)
K302Z1B,2016-09-24 20:06:00.000 +0200,560.0,52.4221729,10.7993433,POINT (10.7993433 52.4221729)
K302Z1B,2016-09-24 20:09:00.000 +0200,560.0,52.4221729,10.7993433,POINT (10.7993433 52.4221729)
K302Z1B,2016-09-24 20:12:00.000 +0200,560.0,52.4221729,10.7993433,POINT (10.7993433 52.4221729)
K302Z1B,2016-09-24 20:15:00.000 +0200,440.0,52.4221729,10.7993433,POINT (10.7993433 52.4221729)
K302Z1B,2016-09-24 20:18:00.000 +0200,480.0,52.4221729,10.7993433,POINT (10.7993433 52.4221729)
K302Z1B,2016-09-24 20:21:00.000 +0200,680.0,52.4221729,10.7993433,POINT (10.7993433 52.4221729)
K302Z1B,2016-09-24 20:24:00.000 +0200,240.0,52.4221729,10.7993433,POINT (10.7993433 52.4221729)
K302Z1B,2016-09-24 20:27:00.000 +0200,600.0,52.4221729,10.7993433,POINT (10.7993433 52.4221729)
K302Z1B,2016-09-24 20:30:00.000 +0200,440.0,52.4221729,10.7993433,POINT (10.7993433 52.4221729)
K302Z1B,2016-09-24 20:33:00.000 +0200,620.0,52.4221729,10.7993433,POINT (10.7993433 52.4221729)
K302Z1B,2016-09-24 20:36:00.000 +0200,460.0,52.4221729,10.7993433,POINT (10.7993433 52.4221729)
K302Z1B,2016-09-24 20:39:00.000 +0200,460.0,52.4221729,10.7993433,POINT (10.7993433 52.4221729)
K302Z1B,2016-09-24 20:42:00.000 +0200,280.0,52.4221729,10.7993433,POINT (10.7993433 52.4221729)
K302Z1B,2016-09-24 20:45:00.000 +0200,540.0,52.4221729,10.7993433,POINT (10.7993433 52.4221729)
K302Z1B,2016-09-24 20:48:00.000 +0200,440.0,52.4221729,10.7993433,POINT (10.7993433 52.4221729)
K302Z1B,2016-09-24 20:51:00.000 +0200,500.0,52.4221729,10.7993433,POINT (10.7993433 52.4221729)
K302Z1B,2016-09-24 20:54:00.000 +0200,300.0,52.4221729,10.7993433,POINT (10.7993433 52.4221729)
K302Z1B,2016-09-24 20:57:00.000 +0200,380.0,52.4221729,10.7993433,POINT (10.7993433 52.4221729)
K302Z1B,2016-09-24 21:00:00.000 +0200,300.0,52.4221729,10.7993433,POINT (10.7993433 52.4221729)
K302Z1B,2016-09-24 21:03:00.000 +0200,340.0,52.4221729,10.7993433,POINT (10.7993433 52.4221729)
K302Z1B,2016-09-24 21:06:00.000 +0200,220.0,52.4221729,10.7993433,POINT (10.7993433 52.4221729)
K302Z1B,2016-09-24 21:09:00.000 +0200,360.0,52.4221729,10.7993433,POINT (10.7993433 52.4221729)
K302Z1B,2016-09-24 21:12:00.000 +0200,440.0,52.4221729,10.7993433,POINT (10.7993433 52.4221729)
K302Z1B,2016-09-24 21:15:00.000 +0200,360.0,52.4221729,10.7993433,POINT (10.7993433 52.4221729)
K302Z1B,2016-09-24 21:18:00.000 +0200,180.0,52.4221729,10.7993433,POINT (10.7993433 52.4221729)
K302Z1B,2016-09-24 21:21:00.000 +0200,300.0,52.4221729,10.7993433,POINT (10.7993433 52.4221729)
K302Z1B,2016-09-24 21:24:00.000 +0200,460.0,52.4221729,10.7993433,POINT (10.7993433 52.4221729)
K302Z1B,2016-09-24 21:27:00.000 +0200,420.0,52.4221729,10.7993433,POINT (10.7993433 52.4221729)
K302Z1B,2016-09-24 21:30:00.000 +0200,240.0,52.4221729,10.7993433,POINT (10.7993433 52.4221729)
K302Z1B,2016-09-24 21:33:00.000 +0200,280.0,52.4221729,10.7993433,POINT (10.7993433 52.4221729)
K302Z1B,2016-09-24 21:36:00.000 +0200,160.0,52.4221729,10.7993433,POINT (10.7993433 52.4221729)
K302Z1B,2016-09-24 21:39:00.000 +0200,240.0,52.4221729,10.7993433,POINT (10.7993433 52.4221729)
K302Z1B,2016-09-24 21:42:00.000 +0200,140.0,52.4221729,10.7993433,POINT (10.7993433 52.4221729)
K302Z1B,2016-09-24 21:45:00.000 +0200,280.0,52.4221729,10.7993433,POINT (10.7993433 52.4221729)
K302Z1B,2016-09-24 21:48:00.000 +0200,320.0,52.4221729,10.7993433,POINT (10.7993433 52.4221729)
K302Z1B,2016-09-24 21:51:00.000 +0200,260.0,52.4221729,10.7993433,POINT (10.7993433 52.4221729)
K302Z1B,2016-09-24 21:54:00.000 +0200,320.0,52.4221729,10.7993433,POINT (10.7993433 52.4221729)
K302Z1B,2016-09-24 21:57:00.000 +0200,360.0,52.4221729,10.7993433,POINT (10.7993433 52.4221729)
K302Z1B,2016-09-24 22:00:00.000 +0200,300.0,52.4221729,10.7993433,POINT (10.7993433 52.4221729)
K302Z1B,2016-09-24 22:03:00.000 +0200,260.0,52.4221729,10.7993433,POINT (10.7993433 52.4221729)
K302Z1B,2016-09-24 22:06:00.000 +0200,260.0,52.4221729,10.7993433,POINT (10.7993433 52.4221729)
K302Z1B,2016-09-24 22:09:00.000 +0200,260.0,52.4221729,10.7993433,POINT (10.7993433 52.4221729)
K302Z1B,2016-09-24 22:12:00.000 +0200,300.0,52.4221729,10.7993433,POINT (10.7993433 52.4221729)
K302Z1B,2016-09-24 22:15:00.000 +0200,220.0,52.4221729,10.7993433,POINT (10.7993433 52.4221729)
K302Z1B,2016-09-24 22:18:00.000 +0200,200.0,52.4221729,10.7993433,POINT (10.7993433 52.4221729)
K302Z1B,2016-09-24 22:21:00.000 +0200,200.0,52.4221729,10.7993433,POINT (10.7993433 52.4221729)
K302Z1B,2016-09-24 22:24:00.000 +0200,280.0,52.4221729,10.7993433,POINT (10.7993433 52.4221729)
K302Z1B,2016-09-24 22:27:00.000 +0200,200.0,52.4221729,10.7993433,POINT (10.7993433 52.4221729)
K302Z1B,2016-09-24 22:30:00.000 +0200,260.0,52.4221729,10.7993433,POINT (10.7993433 52.4221729)
K302Z1B,2016-09-24 22:33:00.000 +0200,360.0,52.4221729,10.7993433,POINT (10.7993433 52.4221729)
K302Z1B,2016-09-24 22:36:00.000 +0200,180.0,52.4221729,10.7993433,POINT (10.7993433 52.4221729)
K302Z1B,2016-09-24 22:39:00.000 +0200,160.0,52.4221729,10.7993433,POINT (10.7993433 52.4221729)
K302Z1B,2016-09-24 22:42:00.000 +0200,360.0,52.4221729,10.7993433,POINT (10.7993433 52.4221729)
K302Z1B,2016-09-24 22:45:00.000 +0200,200.0,52.4221729,10.7993433,POINT (10.7993433 52.4221729)
K302Z1B,2016-09-24 22:48:00.000 +0200,300.0,52.4221729,10.7993433,POINT (10.7993433 52.4221729)
K302Z1B,2016-09-24 22:51:00.000 +0200,180.0,52.4221729,10.7993433,POINT (10.7993433 52.4221729)
K302Z1B,2016-09-24 22:54:00.000 +0200,260.0,52.4221729,10.7993433,POINT (10.7993433 52.4221729)
K302Z1B,2016-09-24 22:57:00.000 +0200,340.0,52.4221729,10.7993433,POINT (10.7993433 52.4221729)
K302Z1B,2016-09-24 23:00:00.000 +0200,180.0,52.4221729,10.7993433,POINT (10.7993433 52.4221729)
K302Z1B,2016-09-24 23:03:00.000 +0200,240.0,52.4221729,10.7993433,POINT (10.7993433 52.4221729)
K302Z1B,2016-09-24 23:06:00.000 +0200,140.0,52.4221729,10.7993433,POINT (10.7993433 52.4221729)
K302Z1B,2016-09-24 23:09:00.000 +0200,320.0,52.4221729,10.7993433,POINT (10.7993433 52.4221729)
K302Z1B,2016-09-24 23:12:00.000 +0200,120.0,52.4221729,10.7993433,POINT (10.7993433 52.4221729)
K302Z1B,2016-09-24 23:15:00.000 +0200,140.0,52.4221729,10.7993433,POINT (10.7993433 52.4221729)
K302Z1B,2016-09-24 23:18:00.000 +0200,200.0,52.4221729,10.7993433,POINT (10.7993433 52.4221729)
K302Z1B,2016-09-24 23:21:00.000 +0200,100.0,52.4221729,10.7993433,POINT (10.7993433 52.4221729)
K302Z1B,2016-09-24 23:24:00.000 +0200,240.0,52.4221729,10.7993433,POINT (10.7993433 52.4221729)
K302Z1B,2016-09-24 23:27:00.000 +0200,120.0,52.4221729,10.7993433,POINT (10.7993433 52.4221729)
K302Z1B,2016-09-24 23:30:00.000 +0200,260.0,52.4221729,10.7993433,POINT (10.7993433 52.4221729)
K302Z1B,2016-09-24 23:33:00.000 +0200,160.0,52.4221729,10.7993433,POINT (10.7993433 52.4221729)
K302Z1B,2016-09-24 23:36:00.000 +0200,200.0,52.4221729,10.7993433,POINT (10.7993433 52.4221729)
K302Z1B,2016-09-24 23:39:00.000 +0200,140.0,52.4221729,10.7993433,POINT (10.7993433 52.4221729)
K302Z1B,2016-09-24 23:42:00.000 +0200,160.0,52.4221729,10.7993433,POINT (10.7993433 52.4221729)
K302Z1B,2016-09-24 23:45:00.000 +0200,120.0,52.4221729,10.7993433,POINT (10.7993433 52.4221729)
K302Z1B,2016-09-24 23:48:00.000 +0200,180.0,52.4221729,10.7993433,POINT (10.7993433 52.4221729)
K302Z1B,2016-09-24 23:51:00.000 +0200,180.0,52.4221729,10.7993433,POINT (10.7993433 52.4221729)
K302Z1B,2016-09-24 23:54:00.000 +0200,140.0,52.4221729,10.7993433,POINT (10.7993433 52.4221729)
K302Z1B,2016-09-24 23:57:00.000 +0200,220.0,52.4221729,10.7993433,POINT (10.7993433 52.4221729)
K302Z1B,2016-09-25 00:00:00.000 +0200,140.0,52.4221729,10.7993433,POINT (10.7993433 52.4221729)
K302Z1B,2016-09-25 00:03:00.000 +0200,160.0,52.4221729,10.7993433,POINT (10.7993433 52.4221729)
K302Z1B,2016-09-25 00:06:00.000 +0200,160.0,52.4221729,10.7993433,POINT (10.7993433 52.4221729)
K302Z1B,2016-09-25 00:09:00.000 +0200,180.0,52.4221729,10.7993433,POINT (10.7993433 52.4221729)
K302Z1B,2016-09-25 00:12:00.000 +0200,100.0,52.4221729,10.7993433,POINT (10.7993433 52.4221729)
K302Z1B,2016-09-25 00:15:00.000 +0200,180.0,52.4221729,10.7993433,POINT (10.7993433 52.4221729)
K302Z1B,2016-09-25 00:18:00.000 +0200,120.0,52.4221729,10.7993433,POINT (10.7993433 52.4221729)
K302Z1B,2016-09-25 00:21:00.000 +0200,120.0,52.4221729,10.7993433,POINT (10.7993433 52.4221729)
K302Z1B,2016-09-25 00:24:00.000 +0200,200.0,52.4221729,10.7993433,POINT (10.7993433 52.4221729)
K302Z1B,2016-09-25 00:27:00.000 +0200,200.0,52.4221729,10.7993433,POINT (10.7993433 52.4221729)
K302Z1B,2016-09-25 00:30:00.000 +0200,100.0,52.4221729,10.7993433,POINT (10.7993433 52.4221729)
K302Z1B,2016-09-25 00:33:00.000 +0200,360.0,52.4221729,10.7993433,POINT (10.7993433 52.4221729)
K302Z1B,2016-09-25 00:36:00.000 +0200,200.0,52.4221729,10.7993433,POINT (10.7993433 52.4221729)
K302Z1B,2016-09-25 00:39:00.000 +0200,160.0,52.4221729,10.7993433,POINT (10.7993433 52.4221729)
K302Z1B,2016-09-25 00:42:00.000 +0200,100.0,52.4221729,10.7993433,POINT (10.7993433 52.4221729)
K302Z1B,2016-09-25 00:45:00.000 +0200,120.0,52.4221729,10.7993433,POINT (10.7993433 52.4221729)
K302Z1B,2016-09-25 00:48:00.000 +0200,140.0,52.4221729,10.7993433,POINT (10.7993433 52.4221729)
K302Z1B,2016-09-25 00:51:00.000 +0200,100.0,52.4221729,10.7993433,POINT (10.7993433 52.4221729)
K302Z1B,2016-09-25 00:54:00.000 +0200,100.0,52.4221729,10.7993433,POINT (10.7993433 52.4221729)
K302Z1B,2016-09-25 00:57:00.000 +0200,100.0,52.4221729,10.7993433,POINT (10.7993433 52.4221729)
K302Z1B,2016-09-25 01:00:00.000 +0200,80.0,52.4221729,10.7993433,POINT (10.7993433 52.4221729)
K302Z1B,2016-09-25 01:03:00.000 +0200,60.0,52.4221729,10.7993433,POINT (10.7993433 52.4221729)
K302Z1B,2016-09-25 01:06:00.000 +0200,100.0,52.4221729,10.7993433,POINT (10.7993433 52.4221729)
K302Z1B,2016-09-25 01:09:00.000 +0200,160.0,52.4221729,10.7993433,POINT (10.7993433 52.4221729)
K302Z1B,2016-09-25 01:12:00.000 +0200,60.0,52.4221729,10.7993433,POINT (10.7993433 52.4221729)
K302Z1B,2016-09-25 01:15:00.000 +0200,140.0,52.4221729,10.7993433,POINT (10.7993433 52.4221729)
K302Z1B,2016-09-25 01:18:00.000 +0200,180.0,52.4221729,10.7993433,POINT (10.7993433 52.4221729)
K302Z1B,2016-09-25 01:21:00.000 +0200,140.0,52.4221729,10.7993433,POINT (10.7993433 52.4221729)
K302Z1B,2016-09-25 01:24:00.000 +0200,100.0,52.4221729,10.7993433,POINT (10.7993433 52.4221729)
K302Z1B,2016-09-25 01:27:00.000 +0200,100.0,52.4221729,10.7993433,POINT (10.7993433 52.4221729)
K302Z1B,2016-09-25 01:30:00.000 +0200,140.0,52.4221729,10.7993433,POINT (10.7993433 52.4221729)
K302Z1B,2016-09-25 01:33:00.000 +0200,80.0,52.4221729,10.7993433,POINT (10.7993433 52.4221729)
K302Z1B,2016-09-25 01:36:00.000 +0200,0.0,52.4221729,10.7993433,POINT (10.7993433 52.4221729)
K302Z1B,2016-09-25 01:39:00.000 +0200,100.0,52.4221729,10.7993433,POINT (10.7993433 52.4221729)
K302Z1B,2016-09-25 01:42:00.000 +0200,80.0,52.4221729,10.7993433,POINT (10.7993433 52.4221729)
K302Z1B,2016-09-25 01:45:00.000 +0200,160.0,52.4221729,10.7993433,POINT (10.7993433 52.4221729)
K302Z1B,2016-09-25 01:48:00.000 +0200,100.0,52.4221729,10.7993433,POINT (10.7993433 52.4221729)
K302Z1B,2016-09-25 01:51:00.000 +0200,60.0,52.4221729,10.7993433,POINT (10.7993433 52.4221729)
K302Z1B,2016-09-25 01:54:00.000 +0200,20.0,52.4221729,10.7993433,POINT (10.7993433 52.4221729)
K302Z1B,2016-09-25 01:57:00.000 +0200,180.0,52.4221729,10.7993433,POINT (10.7993433 52.4221729)
K302Z1B,2016-09-25 02:00:00.000 +0200,160.0,52.4221729,10.7993433,POINT (10.7993433 52.4221729)
K302Z1B,2016-09-25 02:03:00.000 +0200,140.0,52.4221729,10.7993433,POINT (10.7993433 52.4221729)
K302Z1B,2016-09-25 02:06:00.000 +0200,80.0,52.4221729,10.7993433,POINT (10.7993433 52.4221729)
K302Z1B,2016-09-25 02:09:00.000 +0200,60.0,52.4221729,10.7993433,POINT (10.7993433 52.4221729)
K302Z1B,2016-09-25 02:12:00.000 +0200,60.0,52.4221729,10.7993433,POINT (10.7993433 52.4221729)
K302Z1B,2016-09-25 02:15:00.000 +0200,80.0,52.4221729,10.7993433,POINT (10.7993433 52.4221729)
K302Z1B,2016-09-25 02:18:00.000 +0200,140.0,52.4221729,10.7993433,POINT (10.7993433 52.4221729)
K302Z1B,2016-09-25 02:21:00.000 +0200,100.0,52.4221729,10.7993433,POINT (10.7993433 52.4221729)
K302Z1B,2016-09-25 02:24:00.000 +0200,80.0,52.4221729,10.7993433,POINT (10.7993433 52.4221729)
K302Z1B,2016-09-25 02:27:00.000 +0200,160.0,52.4221729,10.7993433,POINT (10.7993433 52.4221729)
K302Z1B,2016-09-25 02:30:00.000 +0200,80.0,52.4221729,10.7993433,POINT (10.7993433 52.4221729)
K302Z1B,2016-09-25 02:33:00.000 +0200,120.0,52.4221729,10.7993433,POINT (10.7993433 52.4221729)
K302Z1B,2016-09-25 02:36:00.000 +0200,20.0,52.4221729,10.7993433,POINT (10.7993433 52.4221729)
K302Z1B,2016-09-25 02:39:00.000 +0200,40.0,52.4221729,10.7993433,POINT (10.7993433 52.4221729)
K302Z1B,2016-09-25 02:42:00.000 +0200,20.0,52.4221729,10.7993433,POINT (10.7993433 52.4221729)
K302Z1B,2016-09-25 02:45:00.000 +0200,100.0,52.4221729,10.7993433,POINT (10.7993433 52.4221729)
K302Z1B,2016-09-25 02:48:00.000 +0200,100.0,52.4221729,10.7993433,POINT (10.7993433 52.4221729)
K302Z1B,2016-09-25 02:51:00.000 +0200,140.0,52.4221729,10.7993433,POINT (10.7993433 52.4221729)
K302Z1B,2016-09-25 02:54:00.000 +0200,100.0,52.4221729,10.7993433,POINT (10.7993433 52.4221729)
K302Z1B,2016-09-25 02:57:00.000 +0200,80.0,52.4221729,10.7993433,POINT (10.7993433 52.4221729)
K302Z1B,2016-09-25 03:00:00.000 +0200,40.0,52.4221729,10.7993433,POINT (10.7993433 52.4221729)
K302Z1B,2016-09-25 03:03:00.000 +0200,60.0,52.4221729,10.7993433,POINT (10.7993433 52.4221729)
K302Z1B,2016-09-25 03:06:00.000 +0200,80.0,52.4221729,10.7993433,POINT (10.7993433 52.4221729)
K302Z1B,2016-09-25 03:09:00.000 +0200,60.0,52.4221729,10.7993433,POINT (10.7993433 52.4221729)
K302Z1B,2016-09-25 03:12:00.000 +0200,20.0,52.4221729,10.7993433,POINT (10.7993433 52.4221729)
K302Z1B,2016-09-25 03:15:00.000 +0200,60.0,52.4221729,10.7993433,POINT (10.7993433 52.4221729)
K302Z1B,2016-09-25 03:18:00.000 +0200,20.0,52.4221729,10.7993433,POINT (10.7993433 52.4221729)
K302Z1B,2016-09-25 03:21:00.000 +0200,120.0,52.4221729,10.7993433,POINT (10.7993433 52.4221729)
K302Z1B,2016-09-25 03:24:00.000 +0200,20.0,52.4221729,10.7993433,POINT (10.7993433 52.4221729)
K302Z1B,2016-09-25 03:27:00.000 +0200,100.0,52.4221729,10.7993433,POINT (10.7993433 52.4221729)
K302Z1B,2016-09-25 03:30:00.000 +0200,100.0,52.4221729,10.7993433,POINT (10.7993433 52.4221729)
K302Z1B,2016-09-25 03:33:00.000 +0200,100.0,52.4221729,10.7993433,POINT (10.7993433 52.4221729)
K302Z1B,2016-09-25 03:36:00.000 +0200,40.0,52.4221729,10.7993433,POINT (10.7993433 52.4221729)
K302Z1B,2016-09-25 03:39:00.000 +0200,60.0,52.4221729,10.7993433,POINT (10.7993433 52.4221729)
K302Z1B,2016-09-25 03:42:00.000 +0200,20.0,52.4221729,10.7993433,POINT (10.7993433 52.4221729)
K302Z1B,2016-09-25 03:45:00.000 +0200,80.0,52.4221729,10.7993433,POINT (10.7993433 52.4221729)
K302Z1B,2016-09-25 03:48:00.000 +0200,40.0,52.4221729,10.7993433,POINT (10.7993433 52.4221729)
K302Z1B,2016-09-25 03:51:00.000 +0200,40.0,52.4221729,10.7993433,POINT (10.7993433 52.4221729)
K302Z1B,2016-09-25 03:54:00.000 +0200,20.0,52.4221729,10.7993433,POINT (10.7993433 52.4221729)
K302Z1B,2016-09-25 03:57:00.000 +0200,20.0,52.4221729,10.7993433,POINT (10.7993433 52.4221729)
K302Z1B,2016-09-25 04:00:00.000 +0200,40.0,52.4221729,10.7993433,POINT (10.7993433 52.4221729)
K302Z1B,2016-09-25 04:03:00.000 +0200,0.0,52.4221729,10.7993433,POINT (10.7993433 52.4221729)
K302Z1B,2016-09-25 04:06:00.000 +0200,40.0,52.4221729,10.7993433,POINT (10.7993433 52.4221729)
K302Z1B,2016-09-25 04:09:00.000 +0200,40.0,52.4221729,10.7993433,POINT (10.7993433 52.4221729)
K302Z1B,2016-09-25 04:12:00.000 +0200,80.0,52.4221729,10.7993433,POINT (10.7993433 52.4221729)
K302Z1B,2016-09-25 04:15:00.000 +0200,40.0,52.4221729,10.7993433,POINT (10.7993433 52.4221729)
K302Z1B,2016-09-25 04:18:00.000 +0200,60.0,52.4221729,10.7993433,POINT (10.7993433 52.4221729)
K302Z1B,2016-09-25 04:21:00.000 +0200,20.0,52.4221729,10.7993433,POINT (10.7993433 52.4221729)
K302Z1B,2016-09-25 04:24:00.000 +0200,60.0,52.4221729,10.7993433,POINT (10.7993433 52.4221729)
K302Z1B,2016-09-25 04:27:00.000 +0200,40.0,52.4221729,10.7993433,POINT (10.7993433 52.4221729)
K302Z1B,2016-09-25 04:30:00.000 +0200,20.0,52.4221729,10.7993433,POINT (10.7993433 52.4221729)
K302Z1B,2016-09-25 04:33:00.000 +0200,20.0,52.4221729,10.7993433,POINT (10.7993433 52.4221729)
K302Z1B,2016-09-25 04:36:00.000 +0200,40.0,52.4221729,10.7993433,POINT (10.7993433 52.4221729)
K302Z1B,2016-09-25 04:39:00.000 +0200,20.0,52.4221729,10.7993433,POINT (10.7993433 52.4221729)
K302Z1B,2016-09-25 04:42:00.000 +0200,40.0,52.4221729,10.7993433,POINT (10.7993433 52.4221729)
K302Z1B,2016-09-25 04:45:00.000 +0200,100.0,52.4221729,10.7993433,POINT (10.7993433 52.4221729)
K302Z1B,2016-09-25 04:48:00.000 +0200,20.0,52.4221729,10.7993433,POINT (10.7993433 52.4221729)
K302Z1B,2016-09-25 04:51:00.000 +0200,80.0,52.4221729,10.7993433,POINT (10.7993433 52.4221729)
K302Z1B,2016-09-25 04:54:00.000 +0200,20.0,52.4221729,10.7993433,POINT (10.7993433 52.4221729)
K302Z1B,2016-09-25 04:57:00.000 +0200,0.0,52.4221729,10.7993433,POINT (10.7993433 52.4221729)
K302Z1B,2016-09-25 05:00:00.000 +0200,60.0,52.4221729,10.7993433,POINT (10.7993433 52.4221729)
K302Z1B,2016-09-25 05:03:00.000 +0200,0.0,52.4221729,10.7993433,POINT (10.7993433 52.4221729)
K302Z1B,2016-09-25 05:06:00.000 +0200,60.0,52.4221729,10.7993433,POINT (10.7993433 52.4221729)
K302Z1B,2016-09-25 05:09:00.000 +0200,0.0,52.4221729,10.7993433,POINT (10.7993433 52.4221729)
K302Z1B,2016-09-25 05:12:00.000 +0200,20.0,52.4221729,10.7993433,POINT (10.7993433 52.4221729)
K302Z1B,2016-09-25 05:15:00.000 +0200,0.0,52.4221729,10.7993433,POINT (10.7993433 52.4221729)
K302Z1B,2016-09-25 05:18:00.000 +0200,20.0,52.4221729,10.7993433,POINT (10.7993433 52.4221729)
K302Z1B,2016-09-25 05:21:00.000 +0200,20.0,52.4221729,10.7993433,POINT (10.7993433 52.4221729)
K302Z1B,2016-09-25 05:24:00.000 +0200,20.0,52.4221729,10.7993433,POINT (10.7993433 52.4221729)
K302Z1B,2016-09-25 05:27:00.000 +0200,0.0,52.4221729,10.7993433,POINT (10.7993433 52.4221729)
K302Z1B,2016-09-25 05:30:00.000 +0200,20.0,52.4221729,10.7993433,POINT (10.7993433 52.4221729)
K302Z1B,2016-09-25 05:33:00.000 +0200,60.0,52.4221729,10.7993433,POINT (10.7993433 52.4221729)
K302Z1B,2016-09-25 05:36:00.000 +0200,0.0,52.4221729,10.7993433,POINT (10.7993433 52.4221729)
K302Z1B,2016-09-25 05:39:00.000 +0200,60.0,52.4221729,10.7993433,POINT (10.7993433 52.4221729)
K302Z1B,2016-09-25 05:42:00.000 +0200,0.0,52.4221729,10.7993433,POINT (10.7993433 52.4221729)
K302Z1B,2016-09-25 05:45:00.000 +0200,20.0,52.4221729,10.7993433,POINT (10.7993433 52.4221729)
K302Z1B,2016-09-25 05:48:00.000 +0200,0.0,52.4221729,10.7993433,POINT (10.7993433 52.4221729)
K302Z1B,2016-09-25 05:51:00.000 +0200,20.0,52.4221729,10.7993433,POINT (10.7993433 52.4221729)
K302Z1B,2016-09-25 05:54:00.000 +0200,0.0,52.4221729,10.7993433,POINT (10.7993433 52.4221729)
K302Z1B,2016-09-25 05:57:00.000 +0200,60.0,52.4221729,10.7993433,POINT (10.7993433 52.4221729)
K302Z1B,2016-09-25 06:00:00.000 +0200,20.0,52.4221729,10.7993433,POINT (10.7993433 52.4221729)
K302Z1B,2016-09-25 06:03:00.000 +0200,20.0,52.4221729,10.7993433,POINT (10.7993433 52.4221729)
K302Z1B,2016-09-25 06:06:00.000 +0200,40.0,52.4221729,10.7993433,POINT (10.7993433 52.4221729)
K302Z1B,2016-09-25 06:09:00.000 +0200,20.0,52.4221729,10.7993433,POINT (10.7993433 52.4221729)
K302Z1B,2016-09-25 06:12:00.000 +0200,20.0,52.4221729,10.7993433,POINT (10.7993433 52.4221729)
K302Z1B,2016-09-25 06:15:00.000 +0200,120.0,52.4221729,10.7993433,POINT (10.7993433 52.4221729)
K302Z1B,2016-09-25 06:18:00.000 +0200,40.0,52.4221729,10.7993433,POINT (10.7993433 52.4221729)
K302Z1B,2016-09-25 06:21:00.000 +0200,180.0,52.4221729,10.7993433,POINT (10.7993433 52.4221729)
K302Z1B,2016-09-25 06:24:00.000 +0200,40.0,52.4221729,10.7993433,POINT (10.7993433 52.4221729)
K302Z1B,2016-09-25 06:27:00.000 +0200,20.0,52.4221729,10.7993433,POINT (10.7993433 52.4221729)
K302Z1B,2016-09-25 06:30:00.000 +0200,100.0,52.4221729,10.7993433,POINT (10.7993433 52.4221729)
K302Z1B,2016-09-25 06:33:00.000 +0200,80.0,52.4221729,10.7993433,POINT (10.7993433 52.4221729)
K302Z1B,2016-09-25 06:36:00.000 +0200,60.0,52.4221729,10.7993433,POINT (10.7993433 52.4221729)
K302Z1B,2016-09-25 06:39:00.000 +0200,60.0,52.4221729,10.7993433,POINT (10.7993433 52.4221729)
K302Z1B,2016-09-25 06:42:00.000 +0200,60.0,52.4221729,10.7993433,POINT (10.7993433 52.4221729)
K302Z1B,2016-09-25 06:45:00.000 +0200,20.0,52.4221729,10.7993433,POINT (10.7993433 52.4221729)
K302Z1B,2016-09-25 06:48:00.000 +0200,20.0,52.4221729,10.7993433,POINT (10.7993433 52.4221729)
K302Z1B,2016-09-25 06:51:00.000 +0200,20.0,52.4221729,10.7993433,POINT (10.7993433 52.4221729)
K302Z1B,2016-09-25 06:54:00.000 +0200,20.0,52.4221729,10.7993433,POINT (10.7993433 52.4221729)
K302Z1B,2016-09-25 06:57:00.000 +0200,0.0,52.4221729,10.7993433,POINT (10.7993433 52.4221729)
K302Z1B,2016-09-25 07:00:00.000 +0200,0.0,52.4221729,10.7993433,POINT (10.7993433 52.4221729)
K302Z1B,2016-09-25 07:03:00.000 +0200,0.0,52.4221729,10.7993433,POINT (10.7993433 52.4221729)
K302Z1B,2016-09-25 07:06:00.000 +0200,20.0,52.4221729,10.7993433,POINT (10.7993433 52.4221729)
K302Z1B,2016-09-25 07:09:00.000 +0200,60.0,52.4221729,10.7993433,POINT (10.7993433 52.4221729)
K302Z1B,2016-09-25 07:12:00.000 +0200,40.0,52.4221729,10.7993433,POINT (10.7993433 52.4221729)
K302Z1B,2016-09-25 07:15:00.000 +0200,80.0,52.4221729,10.7993433,POINT (10.7993433 52.4221729)
K302Z1B,2016-09-25 07:18:00.000 +0200,40.0,52.4221729,10.7993433,POINT (10.7993433 52.4221729)
K302Z1B,2016-09-25 07:21:00.000 +0200,40.0,52.4221729,10.7993433,POINT (10.7993433 52.4221729)
K302Z1B,2016-09-25 07:24:00.000 +0200,20.0,52.4221729,10.7993433,POINT (10.7993433 52.4221729)
K302Z1B,2016-09-25 07:27:00.000 +0200,20.0,52.4221729,10.7993433,POINT (10.7993433 52.4221729)
K302Z1B,2016-09-25 07:30:00.000 +0200,40.0,52.4221729,10.7993433,POINT (10.7993433 52.4221729)
K302Z1B,2016-09-25 07:33:00.000 +0200,60.0,52.4221729,10.7993433,POINT (10.7993433 52.4221729)
K302Z1B,2016-09-25 07:36:00.000 +0200,60.0,52.4221729,10.7993433,POINT (10.7993433 52.4221729)
K302Z1B,2016-09-25 07:39:00.000 +0200,140.0,52.4221729,10.7993433,POINT (10.7993433 52.4221729)
K302Z1B,2016-09-25 07:42:00.000 +0200,20.0,52.4221729,10.7993433,POINT (10.7993433 52.4221729)
K302Z1B,2016-09-25 07:45:00.000 +0200,120.0,52.4221729,10.7993433,POINT (10.7993433 52.4221729)
K302Z1B,2016-09-25 07:48:00.000 +0200,60.0,52.4221729,10.7993433,POINT (10.7993433 52.4221729)
K302Z1B,2016-09-25 07:51:00.000 +0200,80.0,52.4221729,10.7993433,POINT (10.7993433 52.4221729)
K302Z1B,2016-09-25 07:54:00.000 +0200,100.0,52.4221729,10.7993433,POINT (10.7993433 52.4221729)
K302Z1B,2016-09-25 07:57:00.000 +0200,20.0,52.4221729,10.7993433,POINT (10.7993433 52.4221729)
K302Z1B,2016-09-25 08:00:00.000 +0200,0.0,52.4221729,10.7993433,POINT (10.7993433 52.4221729)
K302Z1B,2016-09-25 08:03:00.000 +0200,40.0,52.4221729,10.7993433,POINT (10.7993433 52.4221729)
K302Z1B,2016-09-25 08:06:00.000 +0200,40.0,52.4221729,10.7993433,POINT (10.7993433 52.4221729)
K302Z1B,2016-09-25 08:09:00.000 +0200,80.0,52.4221729,10.7993433,POINT (10.7993433 52.4221729)
K302Z1B,2016-09-25 08:12:00.000 +0200,40.0,52.4221729,10.7993433,POINT (10.7993433 52.4221729)
K302Z1B,2016-09-25 08:15:00.000 +0200,0.0,52.4221729,10.7993433,POINT (10.7993433 52.4221729)
K302Z1B,2016-09-25 08:18:00.000 +0200,120.0,52.4221729,10.7993433,POINT (10.7993433 52.4221729)
K302Z1B,2016-09-25 08:21:00.000 +0200,0.0,52.4221729,10.7993433,POINT (10.7993433 52.4221729)
K302Z1B,2016-09-25 08:24:00.000 +0200,20.0,52.4221729,10.7993433,POINT (10.7993433 52.4221729)
K302Z1B,2016-09-25 08:27:00.000 +0200,40.0,52.4221729,10.7993433,POINT (10.7993433 52.4221729)
K302Z1B,2016-09-25 08:30:00.000 +0200,20.0,52.4221729,10.7993433,POINT (10.7993433 52.4221729)
K302Z1B,2016-09-25 08:33:00.000 +0200,60.0,52.4221729,10.7993433,POINT (10.7993433 52.4221729)
K302Z1B,2016-09-25 08:36:00.000 +0200,60.0,52.4221729,10.7993433,POINT (10.7993433 52.4221729)
K302Z1B,2016-09-25 08:39:00.000 +0200,60.0,52.4221729,10.7993433,POINT (10.7993433 52.4221729)
K302Z1B,2016-09-25 08:42:00.000 +0200,40.0,52.4221729,10.7993433,POINT (10.7993433 52.4221729)
K302Z1B,2016-09-25 08:45:00.000 +0200,80.0,52.4221729,10.7993433,POINT (10.7993433 52.4221729)
K302Z1B,2016-09-25 08:48:00.000 +0200,100.0,52.4221729,10.7993433,POINT (10.7993433 52.4221729)
K302Z1B,2016-09-25 08:51:00.000 +0200,40.0,52.4221729,10.7993433,POINT (10.7993433 52.4221729)
K302Z1B,2016-09-25 08:54:00.000 +0200,60.0,52.4221729,10.7993433,POINT (10.7993433 52.4221729)
K302Z1B,2016-09-25 08:57:00.000 +0200,20.0,52.4221729,10.7993433,POINT (10.7993433 52.4221729)
K302Z1B,2016-09-25 09:00:00.000 +0200,60.0,52.4221729,10.7993433,POINT (10.7993433 52.4221729)
K302Z1B,2016-09-25 09:03:00.000 +0200,80.0,52.4221729,10.7993433,POINT (10.7993433 52.4221729)
K302Z1B,2016-09-25 09:06:00.000 +0200,0.0,52.4221729,10.7993433,POINT (10.7993433 52.4221729)
K302Z1B,2016-09-25 09:09:00.000 +0200,80.0,52.4221729,10.7993433,POINT (10.7993433 52.4221729)
K302Z1B,2016-09-25 09:12:00.000 +0200,20.0,52.4221729,10.7993433,POINT (10.7993433 52.4221729)
K302Z1B,2016-09-25 09:15:00.000 +0200,140.0,52.4221729,10.7993433,POINT (10.7993433 52.4221729)
K302Z1B,2016-09-25 09:18:00.000 +0200,20.0,52.4221729,10.7993433,POINT (10.7993433 52.4221729)
K302Z1B,2016-09-25 09:21:00.000 +0200,60.0,52.4221729,10.7993433,POINT (10.7993433 52.4221729)
K302Z1B,2016-09-25 09:24:00.000 +0200,60.0,52.4221729,10.7993433,POINT (10.7993433 52.4221729)
K302Z1B,2016-09-25 09:27:00.000 +0200,60.0,52.4221729,10.7993433,POINT (10.7993433 52.4221729)
K302Z1B,2016-09-25 09:30:00.000 +0200,60.0,52.4221729,10.7993433,POINT (10.7993433 52.4221729)
K302Z1B,2016-09-25 09:33:00.000 +0200,20.0,52.4221729,10.7993433,POINT (10.7993433 52.4221729)
K302Z1B,2016-09-25 09:36:00.000 +0200,40.0,52.4221729,10.7993433,POINT (10.7993433 52.4221729)
K302Z1B,2016-09-25 09:39:00.000 +0200,40.0,52.4221729,10.7993433,POINT (10.7993433 52.4221729)
K302Z1B,2016-09-25 09:42:00.000 +0200,80.0,52.4221729,10.7993433,POINT (10.7993433 52.4221729)
K302Z1B,2016-09-25 09:45:00.000 +0200,60.0,52.4221729,10.7993433,POINT (10.7993433 52.4221729)
K302Z1B,2016-09-25 09:48:00.000 +0200,40.0,52.4221729,10.7993433,POINT (10.7993433 52.4221729)
K302Z1B,2016-09-25 09:51:00.000 +0200,60.0,52.4221729,10.7993433,POINT (10.7993433 52.4221729)
K302Z1B,2016-09-25 09:54:00.000 +0200,0.0,52.4221729,10.7993433,POINT (10.7993433 52.4221729)
K302Z1B,2016-09-25 09:57:00.000 +0200,80.0,52.4221729,10.7993433,POINT (10.7993433 52.4221729)
K302Z1B,2016-09-25 10:00:00.000 +0200,120.0,52.4221729,10.7993433,POINT (10.7993433 52.4221729)
K302Z1B,2016-09-25 10:03:00.000 +0200,0.0,52.4221729,10.7993433,POINT (10.7993433 52.4221729)
K302Z1B,2016-09-25 10:06:00.000 +0200,140.0,52.4221729,10.7993433,POINT (10.7993433 52.4221729)
K302Z1B,2016-09-25 10:09:00.000 +0200,40.0,52.4221729,10.7993433,POINT (10.7993433 52.4221729)
K302Z1B,2016-09-25 10:12:00.000 +0200,60.0,52.4221729,10.7993433,POINT (10.7993433 52.4221729)
K302Z1B,2016-09-25 10:15:00.000 +0200,100.0,52.4221729,10.7993433,POINT (10.7993433 52.4221729)
K302Z1B,2016-09-25 10:18:00.000 +0200,60.0,52.4221729,10.7993433,POINT (10.7993433 52.4221729)
K302Z1B,2016-09-25 10:21:00.000 +0200,140.0,52.4221729,10.7993433,POINT (10.7993433 52.4221729)
K302Z1B,2016-09-25 10:24:00.000 +0200,80.0,52.4221729,10.7993433,POINT (10.7993433 52.4221729)
K302Z1B,2016-09-25 10:27:00.000 +0200,140.0,52.4221729,10.7993433,POINT (10.7993433 52.4221729)
K302Z1B,2016-09-25 10:30:00.000 +0200,100.0,52.4221729,10.7993433,POINT (10.7993433 52.4221729)
K302Z1B,2016-09-25 10:33:00.000 +0200,80.0,52.4221729,10.7993433,POINT (10.7993433 52.4221729)
K302Z1B,2016-09-25 10:36:00.000 +0200,60.0,52.4221729,10.7993433,POINT (10.7993433 52.4221729)
K302Z1B,2016-09-25 10:39:00.000 +0200,100.0,52.4221729,10.7993433,POINT (10.7993433 52.4221729)
K302Z1B,2016-09-25 10:42:00.000 +0200,160.0,52.4221729,10.7993433,POINT (10.7993433 52.4221729)
K302Z1B,2016-09-25 10:45:00.000 +0200,200.0,52.4221729,10.7993433,POINT (10.7993433 52.4221729)
K302Z1B,2016-09-25 10:48:00.000 +0200,260.0,52.4221729,10.7993433,POINT (10.7993433 52.4221729)
K302Z1B,2016-09-25 10:51:00.000 +0200,80.0,52.4221729,10.7993433,POINT (10.7993433 52.4221729)
K302Z1B,2016-09-25 10:54:00.000 +0200,200.0,52.4221729,10.7993433,POINT (10.7993433 52.4221729)
K302Z1B,2016-09-25 10:57:00.000 +0200,220.0,52.4221729,10.7993433,POINT (10.7993433 52.4221729)
K302Z1B,2016-09-25 11:00:00.000 +0200,240.0,52.4221729,10.7993433,POINT (10.7993433 52.4221729)
K302Z1B,2016-09-25 11:03:00.000 +0200,220.0,52.4221729,10.7993433,POINT (10.7993433 52.4221729)
K302Z1B,2016-09-25 11:06:00.000 +0200,180.0,52.4221729,10.7993433,POINT (10.7993433 52.4221729)
K302Z1B,2016-09-25 11:09:00.000 +0200,300.0,52.4221729,10.7993433,POINT (10.7993433 52.4221729)
K302Z1B,2016-09-25 11:12:00.000 +0200,120.0,52.4221729,10.7993433,POINT (10.7993433 52.4221729)
K302Z1B,2016-09-25 11:15:00.000 +0200,160.0,52.4221729,10.7993433,POINT (10.7993433 52.4221729)
K302Z1B,2016-09-25 11:18:00.000 +0200,180.0,52.4221729,10.7993433,POINT (10.7993433 52.4221729)
K302Z1B,2016-09-25 11:21:00.000 +0200,240.0,52.4221729,10.7993433,POINT (10.7993433 52.4221729)
K302Z1B,2016-09-25 11:24:00.000 +0200,160.0,52.4221729,10.7993433,POINT (10.7993433 52.4221729)
K302Z1B,2016-09-25 11:27:00.000 +0200,180.0,52.4221729,10.7993433,POINT (10.7993433 52.4221729)
K302Z1B,2016-09-25 11:30:00.000 +0200,240.0,52.4221729,10.7993433,POINT (10.7993433 52.4221729)
K302Z1B,2016-09-25 11:33:00.000 +0200,300.0,52.4221729,10.7993433,POINT (10.7993433 52.4221729)
K302Z1B,2016-09-25 11:36:00.000 +0200,260.0,52.4221729,10.7993433,POINT (10.7993433 52.4221729)
K302Z1B,2016-09-25 11:39:00.000 +0200,260.0,52.4221729,10.7993433,POINT (10.7993433 52.4221729)
K302Z1B,2016-09-25 11:42:00.000 +0200,200.0,52.4221729,10.7993433,POINT (10.7993433 52.4221729)
K302Z1B,2016-09-25 11:45:00.000 +0200,220.0,52.4221729,10.7993433,POINT (10.7993433 52.4221729)
K302Z1B,2016-09-25 11:48:00.000 +0200,440.0,52.4221729,10.7993433,POINT (10.7993433 52.4221729)
K302Z1B,2016-09-25 11:51:00.000 +0200,320.0,52.4221729,10.7993433,POINT (10.7993433 52.4221729)
K302Z1B,2016-09-25 11:54:00.000 +0200,280.0,52.4221729,10.7993433,POINT (10.7993433 52.4221729)
K302Z1B,2016-09-25 11:57:00.000 +0200,260.0,52.4221729,10.7993433,POINT (10.7993433 52.4221729)
K302Z1B,2016-09-25 12:00:00.000 +0200,280.0,52.4221729,10.7993433,POINT (10.7993433 52.4221729)
K302Z1B,2016-09-25 12:03:00.000 +0200,240.0,52.4221729,10.7993433,POINT (10.7993433 52.4221729)
K302Z1B,2016-09-25 12:06:00.000 +0200,220.0,52.4221729,10.7993433,POINT (10.7993433 52.4221729)
K302Z1B,2016-09-25 12:09:00.000 +0200,380.0,52.4221729,10.7993433,POINT (10.7993433 52.4221729)
K302Z1B,2016-09-25 12:12:00.000 +0200,260.0,52.4221729,10.7993433,POINT (10.7993433 52.4221729)
K302Z1B,2016-09-25 12:15:00.000 +0200,380.0,52.4221729,10.7993433,POINT (10.7993433 52.4221729)
K302Z1B,2016-09-25 12:18:00.000 +0200,240.0,52.4221729,10.7993433,POINT (10.7993433 52.4221729)
K302Z1B,2016-09-25 12:21:00.000 +0200,420.0,52.4221729,10.7993433,POINT (10.7993433 52.4221729)
K302Z1B,2016-09-25 12:24:00.000 +0200,260.0,52.4221729,10.7993433,POINT (10.7993433 52.4221729)
K302Z1B,2016-09-25 12:27:00.000 +0200,280.0,52.4221729,10.7993433,POINT (10.7993433 52.4221729)
K302Z1B,2016-09-25 12:30:00.000 +0200,260.0,52.4221729,10.7993433,POINT (10.7993433 52.4221729)
K302Z1B,2016-09-25 12:33:00.000 +0200,320.0,52.4221729,10.7993433,POINT (10.7993433 52.4221729)
K302Z1B,2016-09-25 12:36:00.000 +0200,380.0,52.4221729,10.7993433,POINT (10.7993433 52.4221729)
K302Z1B,2016-09-25 12:39:00.000 +0200,400.0,52.4221729,10.7993433,POINT (10.7993433 52.4221729)
K302Z1B,2016-09-25 12:42:00.000 +0200,260.0,52.4221729,10.7993433,POINT (10.7993433 52.4221729)
K302Z1B,2016-09-25 12:45:00.000 +0200,420.0,52.4221729,10.7993433,POINT (10.7993433 52.4221729)
K302Z1B,2016-09-25 12:48:00.000 +0200,460.0,52.4221729,10.7993433,POINT (10.7993433 52.4221729)
K302Z1B,2016-09-25 12:51:00.000 +0200,360.0,52.4221729,10.7993433,POINT (10.7993433 52.4221729)
K302Z1B,2016-09-25 12:54:00.000 +0200,300.0,52.4221729,10.7993433,POINT (10.7993433 52.4221729)
K302Z1B,2016-09-25 12:57:00.000 +0200,320.0,52.4221729,10.7993433,POINT (10.7993433 52.4221729)
K302Z1B,2016-09-25 13:00:00.000 +0200,480.0,52.4221729,10.7993433,POINT (10.7993433 52.4221729)
K302Z1B,2016-09-25 13:03:00.000 +0200,420.0,52.4221729,10.7993433,POINT (10.7993433 52.4221729)
K302Z1B,2016-09-25 13:06:00.000 +0200,280.0,52.4221729,10.7993433,POINT (10.7993433 52.4221729)
K302Z1B,2016-09-25 13:09:00.000 +0200,300.0,52.4221729,10.7993433,POINT (10.7993433 52.4221729)
K302Z1B,2016-09-25 13:12:00.000 +0200,360.0,52.4221729,10.7993433,POINT (10.7993433 52.4221729)
K302Z1B,2016-09-25 13:15:00.000 +0200,380.0,52.4221729,10.7993433,POINT (10.7993433 52.4221729)
K302Z1B,2016-09-25 13:18:00.000 +0200,220.0,52.4221729,10.7993433,POINT (10.7993433 52.4221729)
K302Z1B,2016-09-25 13:21:00.000 +0200,380.0,52.4221729,10.7993433,POINT (10.7993433 52.4221729)
K302Z1B,2016-09-25 13:24:00.000 +0200,300.0,52.4221729,10.7993433,POINT (10.7993433 52.4221729)
K302Z1B,2016-09-25 13:27:00.000 +0200,400.0,52.4221729,10.7993433,POINT (10.7993433 52.4221729)
K302Z1B,2016-09-25 13:30:00.000 +0200,420.0,52.4221729,10.7993433,POINT (10.7993433 52.4221729)
K302Z1B,2016-09-25 13:33:00.000 +0200,460.0,52.4221729,10.7993433,POINT (10.7993433 52.4221729)
K302Z1B,2016-09-25 13:36:00.000 +0200,260.0,52.4221729,10.7993433,POINT (10.7993433 52.4221729)
K302Z1B,2016-09-25 13:39:00.000 +0200,320.0,52.4221729,10.7993433,POINT (10.7993433 52.4221729)
K302Z1B,2016-09-25 13:42:00.000 +0200,260.0,52.4221729,10.7993433,POINT (10.7993433 52.4221729)
K302Z1B,2016-09-25 13:45:00.000 +0200,340.0,52.4221729,10.7993433,POINT (10.7993433 52.4221729)
K302Z1B,2016-09-25 13:48:00.000 +0200,520.0,52.4221729,10.7993433,POINT (10.7993433 52.4221729)
K302Z1B,2016-09-25 13:51:00.000 +0200,340.0,52.4221729,10.7993433,POINT (10.7993433 52.4221729)
K302Z1B,2016-09-25 13:54:00.000 +0200,460.0,52.4221729,10.7993433,POINT (10.7993433 52.4221729)
K302Z1B,2016-09-25 13:57:00.000 +0200,400.0,52.4221729,10.7993433,POINT (10.7993433 52.4221729)
K302Z1B,2016-09-25 14:00:00.000 +0200,380.0,52.4221729,10.7993433,POINT (10.7993433 52.4221729)
K302Z1B,2016-09-25 14:03:00.000 +0200,220.0,52.4221729,10.7993433,POINT (10.7993433 52.4221729)
K302Z1B,2016-09-25 14:06:00.000 +0200,500.0,52.4221729,10.7993433,POINT (10.7993433 52.4221729)
K302Z1B,2016-09-25 14:09:00.000 +0200,480.0,52.4221729,10.7993433,POINT (10.7993433 52.4221729)
K302Z1B,2016-09-25 14:12:00.000 +0200,320.0,52.4221729,10.7993433,POINT (10.7993433 52.4221729)
K302Z1B,2016-09-25 14:15:00.000 +0200,440.0,52.4221729,10.7993433,POINT (10.7993433 52.4221729)
K302Z1B,2016-09-25 14:18:00.000 +0200,560.0,52.4221729,10.7993433,POINT (10.7993433 52.4221729)
K302Z1B,2016-09-25 14:21:00.000 +0200,440.0,52.4221729,10.7993433,POINT (10.7993433 52.4221729)
K302Z1B,2016-09-25 14:24:00.000 +0200,320.0,52.4221729,10.7993433,POINT (10.7993433 52.4221729)
K302Z1B,2016-09-25 14:27:00.000 +0200,320.0,52.4221729,10.7993433,POINT (10.7993433 52.4221729)
K302Z1B,2016-09-25 14:30:00.000 +0200,360.0,52.4221729,10.7993433,POINT (10.7993433 52.4221729)
K302Z1B,2016-09-25 14:33:00.000 +0200,320.0,52.4221729,10.7993433,POINT (10.7993433 52.4221729)
K302Z1B,2016-09-25 14:36:00.000 +0200,380.0,52.4221729,10.7993433,POINT (10.7993433 52.4221729)
K302Z1B,2016-09-25 14:39:00.000 +0200,260.0,52.4221729,10.7993433,POINT (10.7993433 52.4221729)
K302Z1B,2016-09-25 14:42:00.000 +0200,420.0,52.4221729,10.7993433,POINT (10.7993433 52.4221729)
K302Z1B,2016-09-25 14:45:00.000 +0200,480.0,52.4221729,10.7993433,POINT (10.7993433 52.4221729)
K302Z1B,2016-09-25 14:48:00.000 +0200,260.0,52.4221729,10.7993433,POINT (10.7993433 52.4221729)
K302Z1B,2016-09-25 14:51:00.000 +0200,600.0,52.4221729,10.7993433,POINT (10.7993433 52.4221729)
K302Z1B,2016-09-25 14:54:00.000 +0200,440.0,52.4221729,10.7993433,POINT (10.7993433 52.4221729)
K302Z1B,2016-09-25 14:57:00.000 +0200,520.0,52.4221729,10.7993433,POINT (10.7993433 52.4221729)
K302Z1B,2016-09-25 15:00:00.000 +0200,260.0,52.4221729,10.7993433,POINT (10.7993433 52.4221729)
K302Z1B,2016-09-25 15:03:00.000 +0200,280.0,52.4221729,10.7993433,POINT (10.7993433 52.4221729)
K302Z1B,2016-09-25 15:06:00.000 +0200,520.0,52.4221729,10.7993433,POINT (10.7993433 52.4221729)
K302Z1B,2016-09-25 15:09:00.000 +0200,460.0,52.4221729,10.7993433,POINT (10.7993433 52.4221729)
K302Z1B,2016-09-25 15:12:00.000 +0200,420.0,52.4221729,10.7993433,POINT (10.7993433 52.4221729)
K302Z1B,2016-09-25 15:15:00.000 +0200,360.0,52.4221729,10.7993433,POINT (10.7993433 52.4221729)
K302Z1B,2016-09-25 15:18:00.000 +0200,440.0,52.4221729,10.7993433,POINT (10.7993433 52.4221729)
K302Z1B,2016-09-25 15:21:00.000 +0200,400.0,52.4221729,10.7993433,POINT (10.7993433 52.4221729)
K302Z1B,2016-09-25 15:24:00.000 +0200,560.0,52.4221729,10.7993433,POINT (10.7993433 52.4221729)
K302Z1B,2016-09-25 15:27:00.000 +0200,400.0,52.4221729,10.7993433,POINT (10.7993433 52.4221729)
K302Z1B,2016-09-25 15:30:00.000 +0200,300.0,52.4221729,10.7993433,POINT (10.7993433 52.4221729)
K302Z1B,2016-09-25 15:33:00.000 +0200,320.0,52.4221729,10.7993433,POINT (10.7993433 52.4221729)
K302Z1B,2016-09-25 15:36:00.000 +0200,400.0,52.4221729,10.7993433,POINT (10.7993433 52.4221729)
K302Z1B,2016-09-25 15:39:00.000 +0200,380.0,52.4221729,10.7993433,POINT (10.7993433 52.4221729)
K302Z1B,2016-09-25 15:42:00.000 +0200,440.0,52.4221729,10.7993433,POINT (10.7993433 52.4221729)
K302Z1B,2016-09-25 15:45:00.000 +0200,500.0,52.4221729,10.7993433,POINT (10.7993433 52.4221729)
K302Z1B,2016-09-25 15:48:00.000 +0200,240.0,52.4221729,10.7993433,POINT (10.7993433 52.4221729)
K302Z1B,2016-09-25 15:51:00.000 +0200,500.0,52.4221729,10.7993433,POINT (10.7993433 52.4221729)
K302Z1B,2016-09-25 15:54:00.000 +0200,600.0,52.4221729,10.7993433,POINT (10.7993433 52.4221729)
K302Z1B,2016-09-25 15:57:00.000 +0200,300.0,52.4221729,10.7993433,POINT (10.7993433 52.4221729)
K302Z1B,2016-09-25 16:00:00.000 +0200,460.0,52.4221729,10.7993433,POINT (10.7993433 52.4221729)
K302Z1B,2016-09-25 16:03:00.000 +0200,360.0,52.4221729,10.7993433,POINT (10.7993433 52.4221729)
K302Z1B,2016-09-25 16:06:00.000 +0200,460.0,52.4221729,10.7993433,POINT (10.7993433 52.4221729)
K302Z1B,2016-09-25 16:09:00.000 +0200,500.0,52.4221729,10.7993433,POINT (10.7993433 52.4221729)
K302Z1B,2016-09-25 16:12:00.000 +0200,500.0,52.4221729,10.7993433,POINT (10.7993433 52.4221729)
K302Z1B,2016-09-25 16:15:00.000 +0200,360.0,52.4221729,10.7993433,POINT (10.7993433 52.4221729)
K302Z1B,2016-09-25 16:18:00.000 +0200,400.0,52.4221729,10.7993433,POINT (10.7993433 52.4221729)
K302Z1B,2016-09-25 16:21:00.000 +0200,380.0,52.4221729,10.7993433,POINT (10.7993433 52.4221729)
K302Z1B,2016-09-25 16:24:00.000 +0200,360.0,52.4221729,10.7993433,POINT (10.7993433 52.4221729)
K302Z1B,2016-09-25 16:27:00.000 +0200,480.0,52.4221729,10.7993433,POINT (10.7993433 52.4221729)
K302Z1B,2016-09-25 16:30:00.000 +0200,600.0,52.4221729,10.7993433,POINT (10.7993433 52.4221729)
K302Z1B,2016-09-25 16:33:00.000 +0200,480.0,52.4221729,10.7993433,POINT (10.7993433 52.4221729)
K302Z1B,2016-09-25 16:36:00.000 +0200,460.0,52.4221729,10.7993433,POINT (10.7993433 52.4221729)
K302Z1B,2016-09-25 16:39:00.000 +0200,360.0,52.4221729,10.7993433,POINT (10.7993433 52.4221729)
K302Z1B,2016-09-25 16:42:00.000 +0200,440.0,52.4221729,10.7993433,POINT (10.7993433 52.4221729)
K302Z1B,2016-09-25 16:45:00.000 +0200,480.0,52.4221729,10.7993433,POINT (10.7993433 52.4221729)
K302Z1B,2016-09-25 16:48:00.000 +0200,480.0,52.4221729,10.7993433,POINT (10.7993433 52.4221729)
K302Z1B,2016-09-25 16:51:00.000 +0200,420.0,52.4221729,10.7993433,POINT (10.7993433 52.4221729)
K302Z1B,2016-09-25 16:54:00.000 +0200,440.0,52.4221729,10.7993433,POINT (10.7993433 52.4221729)
K302Z1B,2016-09-25 16:57:00.000 +0200,420.0,52.4221729,10.7993433,POINT (10.7993433 52.4221729)
K302Z1B,2016-09-25 17:00:00.000 +0200,480.0,52.4221729,10.7993433,POINT (10.7993433 52.4221729)
K302Z1B,2016-09-25 17:03:00.000 +0200,520.0,52.4221729,10.7993433,POINT (10.7993433 52.4221729)
K302Z1B,2016-09-25 17:06:00.000 +0200,300.0,52.4221729,10.7993433,POINT (10.7993433 52.4221729)
K302Z1B,2016-09-25 17:09:00.000 +0200,360.0,52.4221729,10.7993433,POINT (10.7993433 52.4221729)
K302Z1B,2016-09-25 17:12:00.000 +0200,300.0,52.4221729,10.7993433,POINT (10.7993433 52.4221729)
K302Z1B,2016-09-25 17:15:00.000 +0200,380.0,52.4221729,10.7993433,POINT (10.7993433 52.4221729)
K302Z1B,2016-09-25 17:18:00.000 +0200,320.0,52.4221729,10.7993433,POINT (10.7993433 52.4221729)
K302Z1B,2016-09-25 17:21:00.000 +0200,480.0,52.4221729,10.7993433,POINT (10.7993433 52.4221729)
K302Z1B,2016-09-25 17:24:00.000 +0200,400.0,52.4221729,10.7993433,POINT (10.7993433 52.4221729)
K302Z1B,2016-09-25 17:27:00.000 +0200,340.0,52.4221729,10.7993433,POINT (10.7993433 52.4221729)
K302Z1B,2016-09-25 17:30:00.000 +0200,220.0,52.4221729,10.7993433,POINT (10.7993433 52.4221729)
K302Z1B,2016-09-25 17:33:00.000 +0200,360.0,52.4221729,10.7993433,POINT (10.7993433 52.4221729)
K302Z1B,2016-09-25 17:36:00.000 +0200,340.0,52.4221729,10.7993433,POINT (10.7993433 52.4221729)
K302Z1B,2016-09-25 17:39:00.000 +0200,460.0,52.4221729,10.7993433,POINT (10.7993433 52.4221729)
K302Z1B,2016-09-25 17:42:00.000 +0200,300.0,52.4221729,10.7993433,POINT (10.7993433 52.4221729)
K302Z1B,2016-09-25 17:45:00.000 +0200,360.0,52.4221729,10.7993433,POINT (10.7993433 52.4221729)
K302Z1B,2016-09-25 17:48:00.000 +0200,340.0,52.4221729,10.7993433,POINT (10.7993433 52.4221729)
K302Z1B,2016-09-25 17:51:00.000 +0200,560.0,52.4221729,10.7993433,POINT (10.7993433 52.4221729)
K302Z1B,2016-09-25 17:54:00.000 +0200,300.0,52.4221729,10.7993433,POINT (10.7993433 52.4221729)
K302Z1B,2016-09-25 17:57:00.000 +0200,460.0,52.4221729,10.7993433,POINT (10.7993433 52.4221729)
K302Z1B,2016-09-25 18:00:00.000 +0200,420.0,52.4221729,10.7993433,POINT (10.7993433 52.4221729)
K302Z1B,2016-09-25 18:03:00.000 +0200,500.0,52.4221729,10.7993433,POINT (10.7993433 52.4221729)
K302Z1B,2016-09-25 18:06:00.000 +0200,240.0,52.4221729,10.7993433,POINT (10.7993433 52.4221729)
K302Z1B,2016-09-25 18:09:00.000 +0200,440.0,52.4221729,10.7993433,POINT (10.7993433 52.4221729)
K302Z1B,2016-09-25 18:12:00.000 +0200,260.0,52.4221729,10.7993433,POINT (10.7993433 52.4221729)
K302Z1B,2016-09-25 18:15:00.000 +0200,220.0,52.4221729,10.7993433,POINT (10.7993433 52.4221729)
K302Z1B,2016-09-25 18:18:00.000 +0200,200.0,52.4221729,10.7993433,POINT (10.7993433 52.4221729)
K302Z1B,2016-09-25 18:21:00.000 +0200,320.0,52.4221729,10.7993433,POINT (10.7993433 52.4221729)
K302Z1B,2016-09-25 18:24:00.000 +0200,220.0,52.4221729,10.7993433,POINT (10.7993433 52.4221729)
K302Z1B,2016-09-25 18:27:00.000 +0200,260.0,52.4221729,10.7993433,POINT (10.7993433 52.4221729)
K302Z1B,2016-09-25 18:30:00.000 +0200,380.0,52.4221729,10.7993433,POINT (10.7993433 52.4221729)
K302Z1B,2016-09-25 18:33:00.000 +0200,420.0,52.4221729,10.7993433,POINT (10.7993433 52.4221729)
K302Z1B,2016-09-25 18:36:00.000 +0200,480.0,52.4221729,10.7993433,POINT (10.7993433 52.4221729)
K302Z1B,2016-09-25 18:39:00.000 +0200,320.0,52.4221729,10.7993433,POINT (10.7993433 52.4221729)
K302Z1B,2016-09-25 18:42:00.000 +0200,260.0,52.4221729,10.7993433,POINT (10.7993433 52.4221729)
K302Z1B,2016-09-25 18:45:00.000 +0200,340.0,52.4221729,10.7993433,POINT (10.7993433 52.4221729)
K302Z1B,2016-09-25 18:48:00.000 +0200,420.0,52.4221729,10.7993433,POINT (10.7993433 52.4221729)
K302Z1B,2016-09-25 18:51:00.000 +0200,320.0,52.4221729,10.7993433,POINT (10.7993433 52.4221729)
K302Z1B,2016-09-25 18:54:00.000 +0200,520.0,52.4221729,10.7993433,POINT (10.7993433 52.4221729)
K302Z1B,2016-09-25 18:57:00.000 +0200,480.0,52.4221729,10.7993433,POINT (10.7993433 52.4221729)
K302Z1B,2016-09-25 19:00:00.000 +0200,520.0,52.4221729,10.7993433,POINT (10.7993433 52.4221729)
K302Z1B,2016-09-25 19:03:00.000 +0200,360.0,52.4221729,10.7993433,POINT (10.7993433 52.4221729)
K302Z1B,2016-09-25 19:06:00.000 +0200,340.0,52.4221729,10.7993433,POINT (10.7993433 52.4221729)
K302Z1B,2016-09-25 19:09:00.000 +0200,260.0,52.4221729,10.7993433,POINT (10.7993433 52.4221729)
K302Z1B,2016-09-25 19:12:00.000 +0200,260.0,52.4221729,10.7993433,POINT (10.7993433 52.4221729)
K302Z1B,2016-09-25 19:15:00.000 +0200,500.0,52.4221729,10.7993433,POINT (10.7993433 52.4221729)
K302Z1B,2016-09-25 19:18:00.000 +0200,280.0,52.4221729,10.7993433,POINT (10.7993433 52.4221729)
K302Z1B,2016-09-25 19:21:00.000 +0200,520.0,52.4221729,10.7993433,POINT (10.7993433 52.4221729)
K302Z1B,2016-09-25 19:24:00.000 +0200,320.0,52.4221729,10.7993433,POINT (10.7993433 52.4221729)
K302Z1B,2016-09-25 19:27:00.000 +0200,500.0,52.4221729,10.7993433,POINT (10.7993433 52.4221729)
K302Z1B,2016-09-25 19:30:00.000 +0200,400.0,52.4221729,10.7993433,POINT (10.7993433 52.4221729)
K302Z1B,2016-09-25 19:33:00.000 +0200,440.0,52.4221729,10.7993433,POINT (10.7993433 52.4221729)
K302Z1B,2016-09-25 19:36:00.000 +0200,540.0,52.4221729,10.7993433,POINT (10.7993433 52.4221729)
K302Z1B,2016-09-25 19:39:00.000 +0200,460.0,52.4221729,10.7993433,POINT (10.7993433 52.4221729)
K302Z1B,2016-09-25 19:42:00.000 +0200,400.0,52.4221729,10.7993433,POINT (10.7993433 52.4221729)
K302Z1B,2016-09-25 19:45:00.000 +0200,520.0,52.4221729,10.7993433,POINT (10.7993433 52.4221729)
K302Z1B,2016-09-25 19:48:00.000 +0200,460.0,52.4221729,10.7993433,POINT (10.7993433 52.4221729)
K302Z1B,2016-09-25 19:51:00.000 +0200,500.0,52.4221729,10.7993433,POINT (10.7993433 52.4221729)
K302Z1B,2016-09-25 19:54:00.000 +0200,400.0,52.4221729,10.7993433,POINT (10.7993433 52.4221729)
K302Z1B,2016-09-25 19:57:00.000 +0200,420.0,52.4221729,10.7993433,POINT (10.7993433 52.4221729)
K302Z1B,2016-09-25 20:00:00.000 +0200,300.0,52.4221729,10.7993433,POINT (10.7993433 52.4221729)
K302Z1B,2016-09-25 20:03:00.000 +0200,440.0,52.4221729,10.7993433,POINT (10.7993433 52.4221729)
K302Z1B,2016-09-25 20:06:00.000 +0200,320.0,52.4221729,10.7993433,POINT (10.7993433 52.4221729)
K302Z1B,2016-09-25 20:09:00.000 +0200,480.0,52.4221729,10.7993433,POINT (10.7993433 52.4221729)
K302Z1B,2016-09-25 20:12:00.000 +0200,400.0,52.4221729,10.7993433,POINT (10.7993433 52.4221729)
K302Z1B,2016-09-25 20:15:00.000 +0200,640.0,52.4221729,10.7993433,POINT (10.7993433 52.4221729)
K302Z1B,2016-09-25 20:18:00.000 +0200,300.0,52.4221729,10.7993433,POINT (10.7993433 52.4221729)
K302Z1B,2016-09-25 20:21:00.000 +0200,520.0,52.4221729,10.7993433,POINT (10.7993433 52.4221729)
K302Z1B,2016-09-25 20:24:00.000 +0200,560.0,52.4221729,10.7993433,POINT (10.7993433 52.4221729)
K302Z1B,2016-09-25 20:27:00.000 +0200,500.0,52.4221729,10.7993433,POINT (10.7993433 52.4221729)
K302Z1B,2016-09-25 20:30:00.000 +0200,400.0,52.4221729,10.7993433,POINT (10.7993433 52.4221729)
K302Z1B,2016-09-25 20:33:00.000 +0200,580.0,52.4221729,10.7993433,POINT (10.7993433 52.4221729)
K302Z1B,2016-09-25 20:36:00.000 +0200,480.0,52.4221729,10.7993433,POINT (10.7993433 52.4221729)
K302Z1B,2016-09-25 20:39:00.000 +0200,300.0,52.4221729,10.7993433,POINT (10.7993433 52.4221729)
K302Z1B,2016-09-25 20:42:00.000 +0200,400.0,52.4221729,10.7993433,POINT (10.7993433 52.4221729)
K302Z1B,2016-09-25 20:45:00.000 +0200,440.0,52.4221729,10.7993433,POINT (10.7993433 52.4221729)
K302Z1B,2016-09-25 20:48:00.000 +0200,360.0,52.4221729,10.7993433,POINT (10.7993433 52.4221729)
K302Z1B,2016-09-25 20:51:00.000 +0200,300.0,52.4221729,10.7993433,POINT (10.7993433 52.4221729)
K302Z1B,2016-09-25 20:54:00.000 +0200,280.0,52.4221729,10.7993433,POINT (10.7993433 52.4221729)
K302Z1B,2016-09-25 20:57:00.000 +0200,380.0,52.4221729,10.7993433,POINT (10.7993433 52.4221729)
K302Z1B,2016-09-25 21:00:00.000 +0200,420.0,52.4221729,10.7993433,POINT (10.7993433 52.4221729)
K302Z1B,2016-09-25 21:03:00.000 +0200,380.0,52.4221729,10.7993433,POINT (10.7993433 52.4221729)
K302Z1B,2016-09-25 21:06:00.000 +0200,260.0,52.4221729,10.7993433,POINT (10.7993433 52.4221729)
K302Z1B,2016-09-25 21:09:00.000 +0200,500.0,52.4221729,10.7993433,POINT (10.7993433 52.4221729)
K302Z1B,2016-09-25 21:12:00.000 +0200,760.0,52.4221729,10.7993433,POINT (10.7993433 52.4221729)
K302Z1B,2016-09-25 21:15:00.000 +0200,500.0,52.4221729,10.7993433,POINT (10.7993433 52.4221729)
K302Z1B,2016-09-25 21:18:00.000 +0200,620.0,52.4221729,10.7993433,POINT (10.7993433 52.4221729)
K302Z1B,2016-09-25 21:21:00.000 +0200,560.0,52.4221729,10.7993433,POINT (10.7993433 52.4221729)
K302Z1B,2016-09-25 21:24:00.000 +0200,620.0,52.4221729,10.7993433,POINT (10.7993433 52.4221729)
K302Z1B,2016-09-25 21:27:00.000 +0200,360.0,52.4221729,10.7993433,POINT (10.7993433 52.4221729)
K302Z1B,2016-09-25 21:30:00.000 +0200,520.0,52.4221729,10.7993433,POINT (10.7993433 52.4221729)
K302Z1B,2016-09-25 21:33:00.000 +0200,400.0,52.4221729,10.7993433,POINT (10.7993433 52.4221729)
K302Z1B,2016-09-25 21:36:00.000 +0200,260.0,52.4221729,10.7993433,POINT (10.7993433 52.4221729)
K302Z1B,2016-09-25 21:39:00.000 +0200,460.0,52.4221729,10.7993433,POINT (10.7993433 52.4221729)
K302Z1B,2016-09-25 21:42:00.000 +0200,400.0,52.4221729,10.7993433,POINT (10.7993433 52.4221729)
K302Z1B,2016-09-25 21:45:00.000 +0200,480.0,52.4221729,10.7993433,POINT (10.7993433 52.4221729)
K302Z1B,2016-09-25 21:48:00.000 +0200,380.0,52.4221729,10.7993433,POINT (10.7993433 52.4221729)
K302Z1B,2016-09-25 21:51:00.000 +0200,280.0,52.4221729,10.7993433,POINT (10.7993433 52.4221729)
K302Z1B,2016-09-25 21:54:00.000 +0200,240.0,52.4221729,10.7993433,POINT (10.7993433 52.4221729)
K302Z1B,2016-09-25 21:57:00.000 +0200,380.0,52.4221729,10.7993433,POINT (10.7993433 52.4221729)
K302Z1B,2016-09-25 22:00:00.000 +0200,220.0,52.4221729,10.7993433,POINT (10.7993433 52.4221729)
K302Z1B,2016-09-25 22:03:00.000 +0200,220.0,52.4221729,10.7993433,POINT (10.7993433 52.4221729)
K302Z1B,2016-09-25 22:06:00.000 +0200,240.0,52.4221729,10.7993433,POINT (10.7993433 52.4221729)
K302Z1B,2016-09-25 22:09:00.000 +0200,320.0,52.4221729,10.7993433,POINT (10.7993433 52.4221729)
K302Z1B,2016-09-25 22:12:00.000 +0200,180.0,52.4221729,10.7993433,POINT (10.7993433 52.4221729)
K302Z1B,2016-09-25 22:15:00.000 +0200,140.0,52.4221729,10.7993433,POINT (10.7993433 52.4221729)
K302Z1B,2016-09-25 22:18:00.000 +0200,280.0,52.4221729,10.7993433,POINT (10.7993433 52.4221729)
K302Z1B,2016-09-25 22:21:00.000 +0200,280.0,52.4221729,10.7993433,POINT (10.7993433 52.4221729)
K302Z1B,2016-09-25 22:24:00.000 +0200,280.0,52.4221729,10.7993433,POINT (10.7993433 52.4221729)
K302Z1B,2016-09-25 22:27:00.000 +0200,180.0,52.4221729,10.7993433,POINT (10.7993433 52.4221729)
K302Z1B,2016-09-25 22:30:00.000 +0200,200.0,52.4221729,10.7993433,POINT (10.7993433 52.4221729)
K302Z1B,2016-09-25 22:33:00.000 +0200,260.0,52.4221729,10.7993433,POINT (10.7993433 52.4221729)
K302Z1B,2016-09-25 22:36:00.000 +0200,180.0,52.4221729,10.7993433,POINT (10.7993433 52.4221729)
K302Z1B,2016-09-25 22:39:00.000 +0200,180.0,52.4221729,10.7993433,POINT (10.7993433 52.4221729)
K302Z1B,2016-09-25 22:42:00.000 +0200,300.0,52.4221729,10.7993433,POINT (10.7993433 52.4221729)
K302Z1B,2016-09-25 22:45:00.000 +0200,200.0,52.4221729,10.7993433,POINT (10.7993433 52.4221729)
K302Z1B,2016-09-25 22:48:00.000 +0200,200.0,52.4221729,10.7993433,POINT (10.7993433 52.4221729)
K302Z1B,2016-09-25 22:51:00.000 +0200,180.0,52.4221729,10.7993433,POINT (10.7993433 52.4221729)
K302Z1B,2016-09-25 22:54:00.000 +0200,80.0,52.4221729,10.7993433,POINT (10.7993433 52.4221729)
K302Z1B,2016-09-25 22:57:00.000 +0200,240.0,52.4221729,10.7993433,POINT (10.7993433 52.4221729)
K302Z1B,2016-09-25 23:00:00.000 +0200,160.0,52.4221729,10.7993433,POINT (10.7993433 52.4221729)
K302Z1B,2016-09-25 23:03:00.000 +0200,180.0,52.4221729,10.7993433,POINT (10.7993433 52.4221729)
K302Z1B,2016-09-25 23:06:00.000 +0200,160.0,52.4221729,10.7993433,POINT (10.7993433 52.4221729)
K302Z1B,2016-09-25 23:09:00.000 +0200,240.0,52.4221729,10.7993433,POINT (10.7993433 52.4221729)
K302Z1B,2016-09-25 23:12:00.000 +0200,120.0,52.4221729,10.7993433,POINT (10.7993433 52.4221729)
K302Z1B,2016-09-25 23:15:00.000 +0200,140.0,52.4221729,10.7993433,POINT (10.7993433 52.4221729)
K302Z1B,2016-09-25 23:18:00.000 +0200,80.0,52.4221729,10.7993433,POINT (10.7993433 52.4221729)
K302Z1B,2016-09-25 23:21:00.000 +0200,60.0,52.4221729,10.7993433,POINT (10.7993433 52.4221729)
K302Z1B,2016-09-25 23:24:00.000 +0200,60.0,52.4221729,10.7993433,POINT (10.7993433 52.4221729)
K302Z1B,2016-09-25 23:27:00.000 +0200,100.0,52.4221729,10.7993433,POINT (10.7993433 52.4221729)
K302Z1B,2016-09-25 23:30:00.000 +0200,60.0,52.4221729,10.7993433,POINT (10.7993433 52.4221729)
K302Z1B,2016-09-25 23:33:00.000 +0200,80.0,52.4221729,10.7993433,POINT (10.7993433 52.4221729)
K302Z1B,2016-09-25 23:36:00.000 +0200,120.0,52.4221729,10.7993433,POINT (10.7993433 52.4221729)
K302Z1B,2016-09-25 23:39:00.000 +0200,20.0,52.4221729,10.7993433,POINT (10.7993433 52.4221729)
K302Z1B,2016-09-25 23:42:00.000 +0200,80.0,52.4221729,10.7993433,POINT (10.7993433 52.4221729)
K302Z1B,2016-09-25 23:45:00.000 +0200,80.0,52.4221729,10.7993433,POINT (10.7993433 52.4221729)
K302Z1B,2016-09-25 23:48:00.000 +0200,80.0,52.4221729,10.7993433,POINT (10.7993433 52.4221729)
K302Z1B,2016-09-25 23:51:00.000 +0200,140.0,52.4221729,10.7993433,POINT (10.7993433 52.4221729)
K302Z1B,2016-09-25 23:54:00.000 +0200,160.0,52.4221729,10.7993433,POINT (10.7993433 52.4221729)
K302Z1B,2016-09-25 23:57:00.000 +0200,120.0,52.4221729,10.7993433,POINT (10.7993433 52.4221729)
K302Z1B,2016-09-26 00:00:00.000 +0200,140.0,52.4221729,10.7993433,POINT (10.7993433 52.4221729)
K302Z1B,2016-09-26 00:03:00.000 +0200,40.0,52.4221729,10.7993433,POINT (10.7993433 52.4221729)
K302Z1B,2016-09-26 00:06:00.000 +0200,80.0,52.4221729,10.7993433,POINT (10.7993433 52.4221729)
K302Z1B,2016-09-26 00:09:00.000 +0200,160.0,52.4221729,10.7993433,POINT (10.7993433 52.4221729)
K302Z1B,2016-09-26 00:12:00.000 +0200,80.0,52.4221729,10.7993433,POINT (10.7993433 52.4221729)
K302Z1B,2016-09-26 00:15:00.000 +0200,80.0,52.4221729,10.7993433,POINT (10.7993433 52.4221729)
K302Z1B,2016-09-26 00:18:00.000 +0200,40.0,52.4221729,10.7993433,POINT (10.7993433 52.4221729)
K302Z1B,2016-09-26 00:21:00.000 +0200,60.0,52.4221729,10.7993433,POINT (10.7993433 52.4221729)
K302Z1B,2016-09-26 00:24:00.000 +0200,100.0,52.4221729,10.7993433,POINT (10.7993433 52.4221729)
K302Z1B,2016-09-26 00:27:00.000 +0200,40.0,52.4221729,10.7993433,POINT (10.7993433 52.4221729)
K302Z1B,2016-09-26 00:30:00.000 +0200,140.0,52.4221729,10.7993433,POINT (10.7993433 52.4221729)
K302Z1B,2016-09-26 00:33:00.000 +0200,40.0,52.4221729,10.7993433,POINT (10.7993433 52.4221729)
K302Z1B,2016-09-26 00:36:00.000 +0200,60.0,52.4221729,10.7993433,POINT (10.7993433 52.4221729)
K302Z1B,2016-09-26 00:39:00.000 +0200,80.0,52.4221729,10.7993433,POINT (10.7993433 52.4221729)
K302Z1B,2016-09-26 00:42:00.000 +0200,20.0,52.4221729,10.7993433,POINT (10.7993433 52.4221729)
K302Z1B,2016-09-26 00:45:00.000 +0200,100.0,52.4221729,10.7993433,POINT (10.7993433 52.4221729)
K302Z1B,2016-09-26 00:48:00.000 +0200,60.0,52.4221729,10.7993433,POINT (10.7993433 52.4221729)
K302Z1B,2016-09-26 00:51:00.000 +0200,80.0,52.4221729,10.7993433,POINT (10.7993433 52.4221729)
K302Z1B,2016-09-26 00:54:00.000 +0200,20.0,52.4221729,10.7993433,POINT (10.7993433 52.4221729)
K302Z1B,2016-09-26 00:57:00.000 +0200,100.0,52.4221729,10.7993433,POINT (10.7993433 52.4221729)
K302Z1B,2016-09-26 01:00:00.000 +0200,40.0,52.4221729,10.7993433,POINT (10.7993433 52.4221729)
K302Z1B,2016-09-26 01:03:00.000 +0200,140.0,52.4221729,10.7993433,POINT (10.7993433 52.4221729)
K302Z1B,2016-09-26 01:06:00.000 +0200,40.0,52.4221729,10.7993433,POINT (10.7993433 52.4221729)
K302Z1B,2016-09-26 01:09:00.000 +0200,20.0,52.4221729,10.7993433,POINT (10.7993433 52.4221729)
K302Z1B,2016-09-26 01:12:00.000 +0200,20.0,52.4221729,10.7993433,POINT (10.7993433 52.4221729)
K302Z1B,2016-09-26 01:15:00.000 +0200,20.0,52.4221729,10.7993433,POINT (10.7993433 52.4221729)
K302Z1B,2016-09-26 01:18:00.000 +0200,100.0,52.4221729,10.7993433,POINT (10.7993433 52.4221729)
K302Z1B,2016-09-26 01:21:00.000 +0200,80.0,52.4221729,10.7993433,POINT (10.7993433 52.4221729)
K302Z1B,2016-09-26 01:24:00.000 +0200,40.0,52.4221729,10.7993433,POINT (10.7993433 52.4221729)
K302Z1B,2016-09-26 01:27:00.000 +0200,60.0,52.4221729,10.7993433,POINT (10.7993433 52.4221729)
K302Z1B,2016-09-26 01:30:00.000 +0200,40.0,52.4221729,10.7993433,POINT (10.7993433 52.4221729)
K302Z1B,2016-09-26 01:33:00.000 +0200,20.0,52.4221729,10.7993433,POINT (10.7993433 52.4221729)
K302Z1B,2016-09-26 01:36:00.000 +0200,0.0,52.4221729,10.7993433,POINT (10.7993433 52.4221729)
K302Z1B,2016-09-26 01:39:00.000 +0200,40.0,52.4221729,10.7993433,POINT (10.7993433 52.4221729)
K302Z1B,2016-09-26 01:42:00.000 +0200,40.0,52.4221729,10.7993433,POINT (10.7993433 52.4221729)
K302Z1B,2016-09-26 01:45:00.000 +0200,0.0,52.4221729,10.7993433,POINT (10.7993433 52.4221729)
K302Z1B,2016-09-26 01:48:00.000 +0200,0.0,52.4221729,10.7993433,POINT (10.7993433 52.4221729)
K302Z1B,2016-09-26 01:51:00.000 +0200,40.0,52.4221729,10.7993433,POINT (10.7993433 52.4221729)
K302Z1B,2016-09-26 01:54:00.000 +0200,40.0,52.4221729,10.7993433,POINT (10.7993433 52.4221729)
K302Z1B,2016-09-26 01:57:00.000 +0200,80.0,52.4221729,10.7993433,POINT (10.7993433 52.4221729)
K302Z1B,2016-09-26 02:00:00.000 +0200,20.0,52.4221729,10.7993433,POINT (10.7993433 52.4221729)
